(-0.85, -0.02)
(-0.85, -0.04)
(-0.85, -0.07)
(-0.85, -0.09)
(-0.85, -0.12)
(-0.85, -0.15)
(-0.85, -0.17)
(-0.85, -0.2)
(-0.85, -0.22)
(-0.85, -0.26)
(-0.85, -0.28)
(-0.85, -0.31)
(-0.85, -0.33)
(-0.85, -0.36)
(-0.85, -0.39)
(-0.85, -0.42)
(-0.85, -0.44)
(-0.85, -0.46)
(-0.85, -0.49)
(-0.85, -0.52)
(-0.85, -0.55)
(-0.85, -0.57)
(-0.85, -0.6)
(-0.85, -0.62)
(-0.85, -0.65)
(-0.85, -0.68)
(-0.85, -0.71)
(-0.85, -0.73)
(-0.85, -0.77)
(-0.85, -0.78)
(-0.83, -0.81)
(-0.81, -0.83)
(-0.78, -0.84)
(-0.75, -0.84)
(-0.72, -0.84)
(-0.68, -0.84)
(-0.66, -0.84)
(-0.63, -0.84)
(-0.6, -0.84)
(-0.57, -0.84)
(-0.55, -0.84)
(-0.52, -0.84)
(-0.5, -0.84)
(-0.47, -0.84)
(-0.44, -0.85)
(-0.42, -0.85)
(-0.39, -0.85)
(-0.36, -0.85)
(-0.34, -0.85)
(-0.31, -0.85)
(-0.28, -0.85)
(-0.26, -0.85)
(-0.23, -0.85)
(-0.2, -0.85)
(-0.17, -0.85)
(-0.15, -0.85)
(-0.12, -0.85)
(-0.1, -0.85)
(-0.07, -0.85)
(-0.04, -0.85)
(-0.02, -0.85)
(0.01, -0.85)
(0.03, -0.85)
(0.06, -0.85)
(0.09, -0.85)
(0.12, -0.85)
(0.14, -0.85)
(0.17, -0.85)
(0.19, -0.85)
(0.22, -0.85)
(0.25, -0.85)
(0.28, -0.85)
(0.3, -0.85)
(0.33, -0.85)
(0.35, -0.85)
(0.38, -0.85)
(0.41, -0.85)
(0.43, -0.85)
(0.46, -0.85)
(0.49, -0.85)
(0.51, -0.84)
(0.54, -0.84)
(0.57, -0.84)
(0.59, -0.84)
(0.62, -0.84)
(0.65, -0.84)
(0.68, -0.84)
(0.7, -0.84)
(0.72, -0.84)
(0.76, -0.84)
(0.78, -0.84)
(0.8, -0.83)
(0.82, -0.8)
(0.83, -0.79)
(0.83, -0.76)
(0.84, -0.72)
(0.84, -0.69)
(0.84, -0.66)
(0.84, -0.63)
(0.84, -0.6)
(0.84, -0.58)
(0.84, -0.56)
(0.84, -0.53)
(0.84, -0.5)
(0.84, -0.47)
(0.84, -0.45)
(0.84, -0.42)
(0.84, -0.39)
(0.84, -0.37)
(0.84, -0.34)
(0.84, -0.31)
(0.84, -0.29)
(0.84, -0.26)
(0.84, -0.23)
(0.84, -0.2)
(0.84, -0.18)
(0.84, -0.16)
(0.84, -0.13)
(0.84, -0.1)
(0.84, -0.07)
(0.84, -0.05)
(0.84, -0.02)
(0.84, 0.01)
(0.84, 0.03)
(0.84, 0.06)
(0.84, 0.09)
(0.84, 0.11)
(0.84, 0.14)
(0.84, 0.17)
(0.84, 0.19)
(0.84, 0.22)
(0.84, 0.24)
(0.84, 0.27)
(0.84, 0.3)
(0.84, 0.33)
(0.84, 0.35)
(0.84, 0.38)
(0.84, 0.4)
(0.84, 0.43)
(0.84, 0.46)
(0.84, 0.49)
(0.84, 0.51)
(0.84, 0.54)
(0.84, 0.56)
(0.84, 0.59)
(0.84, 0.62)
(0.84, 0.64)
(0.84, 0.67)
(0.84, 0.7)
(0.84, 0.73)
(0.84, 0.75)
(0.84, 0.78)
(0.83, 0.8)
(0.8, 0.83)
(0.78, 0.83)
(0.75, 0.83)
(0.72, 0.83)
(0.69, 0.84)
(0.66, 0.84)
(0.64, 0.84)
(0.61, 0.84)
(0.58, 0.84)
(0.55, 0.84)
(0.53, 0.84)
(0.5, 0.84)
(0.47, 0.84)
(0.44, 0.84)
(0.42, 0.84)
(0.39, 0.84)
(0.37, 0.84)
(0.34, 0.84)
(0.31, 0.84)
(0.29, 0.84)
(0.26, 0.84)
(0.24, 0.84)
(0.21, 0.84)
(0.18, 0.84)
(0.15, 0.84)
(0.13, 0.84)
(0.1, 0.84)
(0.08, 0.84)
(0.05, 0.84)
(0.02, 0.84)
(-0.01, 0.84)
(-0.03, 0.84)
(-0.05, 0.84)
(-0.08, 0.84)
(-0.11, 0.84)
(-0.14, 0.84)
(-0.16, 0.84)
(-0.19, 0.84)
(-0.22, 0.84)
(-0.25, 0.84)
(-0.27, 0.84)
(-0.3, 0.84)
(-0.32, 0.84)
(-0.35, 0.84)
(-0.38, 0.84)
(-0.41, 0.84)
(-0.43, 0.84)
(-0.45, 0.84)
(-0.48, 0.84)
(-0.51, 0.84)
(-0.54, 0.84)
(-0.56, 0.84)
(-0.59, 0.84)
(-0.62, 0.85)
(-0.65, 0.84)
(-0.67, 0.84)
(-0.7, 0.85)
(-0.72, 0.85)
(-0.76, 0.85)
(-0.78, 0.84)
(-0.79, 0.84)
(-0.82, 0.81)
(-0.83, 0.79)
(-0.84, 0.75)
(-0.84, 0.72)
(-0.84, 0.68)
(-0.84, 0.66)
(-0.84, 0.63)
(-0.84, 0.6)
(-0.84, 0.58)
(-0.84, 0.55)
(-0.84, 0.52)
(-0.84, 0.5)
(-0.84, 0.47)
(-0.84, 0.44)
(-0.84, 0.42)
(-0.84, 0.39)
(-0.84, 0.37)
(-0.84, 0.34)
(-0.84, 0.31)
(-0.84, 0.28)
(-0.84, 0.26)
(-0.84, 0.23)
(-0.84, 0.21)
(-0.84, 0.18)
(-0.84, 0.15)
(-0.84, 0.12)
(-0.84, 0.1)
(-0.84, 0.08)
(-0.85, 0.05)
(-0.85, 0.02)
(-0.84, -0.01)
(-0.84, -0.03)
(-0.85, -0.06)
(-0.85, -0.08)
(-0.85, -0.11)
(-0.85, -0.14)
(-0.85, -0.17)
(-0.85, -0.19)
(-0.85, -0.22)
(-0.85, -0.25)
(-0.85, -0.27)
(-0.85, -0.3)
(-0.85, -0.32)
(-0.85, -0.35)
(-0.85, -0.38)
(-0.85, -0.41)
(-0.85, -0.43)
(-0.85, -0.46)
(-0.85, -0.48)
(-0.85, -0.51)
(-0.85, -0.54)
(-0.85, -0.57)
(-0.85, -0.59)
(-0.85, -0.62)
(-0.85, -0.64)
(-0.85, -0.67)
(-0.85, -0.7)
(-0.85, -0.72)
(-0.84, -0.75)
(-0.84, -0.78)
(-0.84, -0.8)
(-0.82, -0.82)
(-0.8, -0.83)
(-0.78, -0.83)
(-0.74, -0.83)
(-0.71, -0.83)
(-0.68, -0.84)
(-0.65, -0.84)
(-0.62, -0.84)
(-0.6, -0.84)
(-0.57, -0.84)
(-0.54, -0.84)
(-0.52, -0.84)
(-0.49, -0.84)
(-0.47, -0.84)
(-0.44, -0.84)
(-0.41, -0.84)
(-0.38, -0.84)
(-0.36, -0.84)
(-0.33, -0.84)
(-0.31, -0.84)
(-0.28, -0.84)
(-0.25, -0.84)
(-0.23, -0.85)
(-0.2, -0.85)
(-0.17, -0.85)
(-0.14, -0.85)
(-0.12, -0.85)
(-0.09, -0.85)
(-0.07, -0.85)
(-0.04, -0.85)
(-0.01, -0.85)
(0.02, -0.85)
(0.04, -0.85)
(0.07, -0.85)
(0.09, -0.85)
(0.12, -0.85)
(0.15, -0.85)
(0.17, -0.85)
(0.2, -0.85)
(0.22, -0.85)
(0.26, -0.85)
(0.28, -0.85)
(0.31, -0.85)
(0.33, -0.85)
(0.36, -0.85)
(0.39, -0.85)
(0.42, -0.85)
(0.44, -0.85)
(0.47, -0.85)
(0.49, -0.85)
(0.52, -0.85)
(0.55, -0.85)
(0.57, -0.85)
(0.6, -0.85)
(0.62, -0.85)
(0.66, -0.85)
(0.68, -0.85)
(0.71, -0.85)
(0.73, -0.85)
(0.77, -0.85)
(0.79, -0.84)
(0.81, -0.82)
(0.83, -0.8)
(0.83, -0.78)
(0.83, -0.76)
(0.83, -0.72)
(0.84, -0.69)
(0.84, -0.66)
(0.84, -0.63)
(0.84, -0.61)
(0.84, -0.58)
(0.84, -0.56)
(0.84, -0.53)
(0.84, -0.5)
(0.84, -0.47)
(0.84, -0.45)
(0.84, -0.42)
(0.84, -0.4)
(0.85, -0.37)
(0.85, -0.34)
(0.85, -0.32)
(0.85, -0.29)
(0.85, -0.27)
(0.85, -0.24)
(0.85, -0.21)
(0.85, -0.18)
(0.85, -0.16)
(0.85, -0.13)
(0.85, -0.1)
(0.85, -0.07)
(0.85, -0.05)
(0.85, -0.02)
(0.85, 0.0)
(0.85, 0.03)
(0.85, 0.06)
(0.85, 0.08)
(0.85, 0.11)
(0.85, 0.13)
(0.85, 0.16)
(0.85, 0.19)
(0.85, 0.22)
(0.84, 0.24)
(0.84, 0.27)
(0.84, 0.3)
(0.84, 0.32)
(0.84, 0.35)
(0.84, 0.37)
(0.84, 0.4)
(0.84, 0.43)
(0.84, 0.45)
(0.84, 0.48)
(0.85, 0.51)
(0.84, 0.53)
(0.84, 0.56)
(0.84, 0.59)
(0.84, 0.61)
(0.85, 0.64)
(0.85, 0.67)
(0.84, 0.69)
(0.85, 0.72)
(0.84, 0.75)
(0.84, 0.78)
(0.84, 0.8)
(0.81, 0.82)
(0.79, 0.83)
(0.76, 0.84)
(0.72, 0.84)
(0.69, 0.84)
(0.66, 0.84)
(0.63, 0.84)
(0.6, 0.84)
(0.58, 0.84)
(0.55, 0.84)
(0.53, 0.84)
(0.5, 0.84)
(0.47, 0.84)
(0.45, 0.84)
(0.42, 0.84)
(0.4, 0.84)
(0.37, 0.84)
(0.34, 0.84)
(0.31, 0.84)
(0.29, 0.84)
(0.26, 0.84)
(0.24, 0.84)
(0.21, 0.84)
(0.18, 0.84)
(0.15, 0.84)
(0.13, 0.85)
(0.1, 0.85)
(0.07, 0.85)
(0.05, 0.84)
(0.02, 0.85)
(-0.0, 0.85)
(-0.03, 0.85)
(-0.06, 0.85)
(-0.09, 0.85)
(-0.11, 0.85)
(-0.14, 0.85)
(-0.16, 0.85)
(-0.19, 0.85)
(-0.22, 0.85)
(-0.24, 0.85)
(-0.27, 0.85)
(-0.29, 0.85)
(-0.32, 0.85)
(-0.35, 0.85)
(-0.38, 0.85)
(-0.4, 0.85)
(-0.43, 0.85)
(-0.45, 0.85)
(-0.48, 0.84)
(-0.51, 0.84)
(-0.54, 0.84)
(-0.56, 0.84)
(-0.59, 0.84)
(-0.61, 0.84)
(-0.64, 0.84)
(-0.67, 0.85)
(-0.69, 0.84)
(-0.72, 0.85)
(-0.75, 0.84)
(-0.78, 0.84)
(-0.79, 0.84)
(-0.82, 0.81)
(-0.83, 0.79)
(-0.84, 0.75)
(-0.84, 0.72)
(-0.84, 0.68)
(-0.84, 0.66)
(-0.84, 0.64)
(-0.84, 0.61)
(-0.84, 0.58)
(-0.84, 0.55)
(-0.84, 0.53)
(-0.84, 0.5)
(-0.84, 0.48)
(-0.84, 0.44)
(-0.84, 0.42)
(-0.84, 0.39)
(-0.84, 0.37)
(-0.85, 0.34)
(-0.85, 0.31)
(-0.85, 0.28)
(-0.85, 0.26)
(-0.85, 0.24)
(-0.85, 0.21)
(-0.85, 0.18)
(-0.85, 0.15)
(-0.85, 0.13)
(-0.85, 0.1)
(-0.85, 0.08)
(-0.85, 0.05)
(-0.85, 0.02)
(-0.85, -0.01)
(-0.85, -0.03)
(-0.85, -0.06)
(-0.85, -0.09)
(-0.85, -0.11)
(-0.85, -0.14)
(-0.85, -0.16)
(-0.85, -0.19)
(-0.85, -0.22)
(-0.85, -0.25)
(-0.85, -0.27)
(-0.85, -0.3)
(-0.85, -0.32)
(-0.85, -0.35)
(-0.85, -0.38)
(-0.85, -0.41)
(-0.85, -0.43)
(-0.85, -0.46)
(-0.85, -0.49)
(-0.85, -0.51)
(-0.85, -0.54)
(-0.85, -0.56)
(-0.85, -0.59)
(-0.85, -0.62)
(-0.85, -0.65)
(-0.85, -0.67)
(-0.85, -0.7)
(-0.85, -0.72)
(-0.85, -0.76)
(-0.84, -0.78)
(-0.83, -0.8)
(-0.81, -0.82)
(-0.79, -0.83)
(-0.75, -0.84)
(-0.72, -0.84)
(-0.68, -0.84)
(-0.65, -0.84)
(-0.62, -0.84)
(-0.6, -0.84)
(-0.57, -0.84)
(-0.55, -0.84)
(-0.52, -0.84)
(-0.49, -0.84)
(-0.46, -0.84)
(-0.44, -0.84)
(-0.41, -0.84)
(-0.39, -0.84)
(-0.36, -0.84)
(-0.33, -0.84)
(-0.31, -0.84)
(-0.28, -0.84)
(-0.26, -0.84)
(-0.23, -0.84)
(-0.2, -0.84)
(-0.17, -0.84)
(-0.15, -0.84)
(-0.12, -0.84)
(-0.1, -0.84)
(-0.07, -0.85)
(-0.04, -0.84)
(-0.02, -0.85)
(0.01, -0.84)
(0.03, -0.85)
(0.06, -0.85)
(0.09, -0.85)
(0.12, -0.85)
(0.14, -0.85)
(0.17, -0.85)
(0.2, -0.85)
(0.23, -0.85)
(0.25, -0.85)
(0.28, -0.85)
(0.3, -0.85)
(0.33, -0.85)
(0.36, -0.85)
(0.38, -0.85)
(0.41, -0.85)
(0.43, -0.85)
(0.46, -0.85)
(0.49, -0.85)
(0.52, -0.85)
(0.54, -0.85)
(0.57, -0.85)
(0.6, -0.85)
(0.62, -0.85)
(0.65, -0.85)
(0.68, -0.85)
(0.7, -0.85)
(0.73, -0.85)
(0.76, -0.85)
(0.78, -0.85)
(0.8, -0.84)
(0.82, -0.81)
(0.84, -0.79)
(0.84, -0.77)
(0.84, -0.72)
(0.84, -0.7)
(0.84, -0.67)
(0.84, -0.64)
(0.84, -0.61)
(0.84, -0.59)
(0.84, -0.56)
(0.84, -0.54)
(0.84, -0.51)
(0.84, -0.48)
(0.84, -0.46)
(0.84, -0.43)
(0.84, -0.41)
(0.84, -0.38)
(0.84, -0.35)
(0.84, -0.32)
(0.84, -0.3)
(0.84, -0.27)
(0.84, -0.25)
(0.84, -0.22)
(0.84, -0.19)
(0.84, -0.17)
(0.84, -0.14)
(0.84, -0.12)
(0.84, -0.09)
(0.84, -0.06)
(0.85, -0.03)
(0.85, -0.01)
(0.85, 0.02)
(0.84, 0.05)
(0.84, 0.07)
(0.85, 0.1)
(0.85, 0.13)
(0.85, 0.15)
(0.85, 0.18)
(0.85, 0.21)
(0.85, 0.23)
(0.85, 0.26)
(0.85, 0.28)
(0.85, 0.31)
(0.85, 0.34)
(0.85, 0.37)
(0.85, 0.39)
(0.85, 0.42)
(0.85, 0.44)
(0.85, 0.47)
(0.85, 0.5)
(0.85, 0.53)
(0.85, 0.55)
(0.85, 0.57)
(0.84, 0.6)
(0.84, 0.63)
(0.84, 0.66)
(0.84, 0.68)
(0.85, 0.71)
(0.84, 0.73)
(0.84, 0.77)
(0.84, 0.79)
(0.82, 0.81)
(0.8, 0.83)
(0.77, 0.84)
(0.74, 0.85)
(0.7, 0.84)
(0.67, 0.84)
(0.65, 0.84)
(0.61, 0.84)
(0.59, 0.84)
(0.56, 0.84)
(0.54, 0.84)
(0.51, 0.84)
(0.48, 0.84)
(0.45, 0.84)
(0.43, 0.84)
(0.4, 0.84)
(0.38, 0.84)
(0.35, 0.84)
(0.32, 0.84)
(0.3, 0.84)
(0.27, 0.84)
(0.25, 0.84)
(0.22, 0.84)
(0.19, 0.84)
(0.16, 0.84)
(0.14, 0.84)
(0.11, 0.84)
(0.08, 0.84)
(0.06, 0.84)
(0.03, 0.84)
(0.0, 0.84)
(-0.02, 0.84)
(-0.05, 0.84)
(-0.08, 0.84)
(-0.1, 0.84)
(-0.13, 0.84)
(-0.15, 0.84)
(-0.18, 0.84)
(-0.21, 0.84)
(-0.24, 0.84)
(-0.26, 0.84)
(-0.29, 0.84)
(-0.31, 0.84)
(-0.34, 0.84)
(-0.37, 0.84)
(-0.4, 0.84)
(-0.42, 0.84)
(-0.44, 0.84)
(-0.48, 0.84)
(-0.5, 0.84)
(-0.53, 0.84)
(-0.55, 0.84)
(-0.58, 0.84)
(-0.61, 0.84)
(-0.64, 0.84)
(-0.66, 0.84)
(-0.69, 0.84)
(-0.71, 0.84)
(-0.75, 0.84)
(-0.77, 0.84)
(-0.79, 0.83)
(-0.81, 0.81)
(-0.83, 0.8)
(-0.84, 0.76)
(-0.85, 0.73)
(-0.84, 0.69)
(-0.84, 0.66)
(-0.84, 0.63)
(-0.84, 0.61)
(-0.84, 0.58)
(-0.84, 0.56)
(-0.84, 0.53)
(-0.84, 0.5)
(-0.84, 0.47)
(-0.84, 0.45)
(-0.84, 0.42)
(-0.84, 0.4)
(-0.84, 0.37)
(-0.84, 0.34)
(-0.84, 0.32)
(-0.84, 0.29)
(-0.84, 0.26)
(-0.84, 0.23)
(-0.85, 0.21)
(-0.84, 0.18)
(-0.84, 0.16)
(-0.84, 0.13)
(-0.85, 0.1)
(-0.84, 0.07)
(-0.85, 0.05)
(-0.84, 0.03)
(-0.85, -0.0)
(-0.85, -0.03)
(-0.85, -0.06)
(-0.85, -0.08)
(-0.85, -0.11)
(-0.85, -0.14)
(-0.85, -0.16)
(-0.85, -0.19)
(-0.85, -0.22)
(-0.85, -0.24)
(-0.85, -0.27)
(-0.85, -0.3)
(-0.85, -0.32)
(-0.85, -0.35)
(-0.85, -0.37)
(-0.85, -0.4)
(-0.85, -0.43)
(-0.85, -0.46)
(-0.85, -0.48)
(-0.85, -0.51)
(-0.85, -0.53)
(-0.85, -0.56)
(-0.85, -0.59)
(-0.85, -0.62)
(-0.85, -0.64)
(-0.85, -0.67)
(-0.85, -0.69)
(-0.85, -0.72)
(-0.85, -0.75)
(-0.85, -0.78)
(-0.84, -0.8)
(-0.82, -0.82)
(-0.79, -0.84)
(-0.77, -0.84)
(-0.73, -0.84)
(-0.7, -0.84)
(-0.66, -0.84)
(-0.64, -0.84)
(-0.61, -0.84)
(-0.59, -0.84)
(-0.56, -0.84)
(-0.53, -0.84)
(-0.51, -0.84)
(-0.48, -0.84)
(-0.46, -0.84)
(-0.43, -0.85)
(-0.4, -0.85)
(-0.37, -0.85)
(-0.35, -0.85)
(-0.32, -0.85)
(-0.3, -0.85)
(-0.27, -0.85)
(-0.24, -0.85)
(-0.21, -0.85)
(-0.19, -0.85)
(-0.16, -0.85)
(-0.14, -0.85)
(-0.11, -0.85)
(-0.08, -0.85)
(-0.06, -0.85)
(-0.03, -0.85)
(-0.0, -0.85)
(0.03, -0.85)
(0.05, -0.85)
(0.08, -0.85)
(0.1, -0.85)
(0.13, -0.85)
(0.16, -0.85)
(0.18, -0.84)
(0.21, -0.84)
(0.23, -0.84)
(0.26, -0.84)
(0.29, -0.84)
(0.32, -0.85)
(0.34, -0.84)
(0.37, -0.84)
(0.39, -0.84)
(0.42, -0.85)
(0.45, -0.85)
(0.48, -0.85)
(0.5, -0.85)
(0.53, -0.85)
(0.55, -0.85)
(0.58, -0.85)
(0.61, -0.85)
(0.63, -0.85)
(0.66, -0.85)
(0.68, -0.85)
(0.71, -0.85)
(0.74, -0.85)
(0.77, -0.85)
(0.79, -0.84)
(0.81, -0.82)
(0.83, -0.8)
(0.84, -0.77)
(0.85, -0.74)
(0.85, -0.7)
(0.85, -0.67)
(0.85, -0.65)
(0.85, -0.62)
(0.85, -0.59)
(0.85, -0.56)
(0.85, -0.54)
(0.85, -0.51)
(0.85, -0.49)
(0.85, -0.45)
(0.85, -0.43)
(0.85, -0.4)
(0.85, -0.38)
(0.85, -0.35)
(0.85, -0.32)
(0.85, -0.3)
(0.85, -0.27)
(0.85, -0.25)
(0.85, -0.22)
(0.85, -0.19)
(0.85, -0.16)
(0.85, -0.14)
(0.85, -0.11)
(0.85, -0.08)
(0.85, -0.06)
(0.85, -0.03)
(0.85, -0.0)
(0.85, 0.02)
(0.85, 0.05)
(0.85, 0.08)
(0.85, 0.1)
(0.85, 0.13)
(0.85, 0.15)
(0.85, 0.18)
(0.85, 0.21)
(0.85, 0.24)
(0.85, 0.26)
(0.85, 0.29)
(0.85, 0.31)
(0.85, 0.34)
(0.85, 0.37)
(0.85, 0.4)
(0.85, 0.42)
(0.85, 0.45)
(0.85, 0.47)
(0.85, 0.5)
(0.85, 0.53)
(0.85, 0.55)
(0.85, 0.58)
(0.85, 0.61)
(0.85, 0.64)
(0.85, 0.66)
(0.85, 0.69)
(0.85, 0.71)
(0.85, 0.75)
(0.84, 0.78)
(0.84, 0.79)
(0.81, 0.82)
(0.8, 0.83)
(0.78, 0.83)
(0.74, 0.83)
(0.7, 0.83)
(0.68, 0.83)
(0.65, 0.84)
(0.62, 0.84)
(0.6, 0.84)
(0.57, 0.84)
(0.54, 0.84)
(0.52, 0.84)
(0.49, 0.84)
(0.46, 0.84)
(0.44, 0.84)
(0.41, 0.84)
(0.39, 0.84)
(0.36, 0.84)
(0.33, 0.84)
(0.3, 0.84)
(0.28, 0.84)
(0.25, 0.84)
(0.23, 0.84)
(0.2, 0.84)
(0.17, 0.84)
(0.14, 0.84)
(0.12, 0.84)
(0.1, 0.84)
(0.07, 0.84)
(0.04, 0.84)
(0.01, 0.84)
(-0.01, 0.84)
(-0.04, 0.84)
(-0.06, 0.84)
(-0.1, 0.84)
(-0.12, 0.85)
(-0.15, 0.85)
(-0.17, 0.85)
(-0.2, 0.85)
(-0.23, 0.85)
(-0.26, 0.85)
(-0.28, 0.85)
(-0.3, 0.85)
(-0.33, 0.85)
(-0.36, 0.85)
(-0.39, 0.85)
(-0.41, 0.85)
(-0.44, 0.85)
(-0.46, 0.85)
(-0.49, 0.85)
(-0.52, 0.85)
(-0.55, 0.85)
(-0.57, 0.85)
(-0.6, 0.85)
(-0.62, 0.85)
(-0.65, 0.85)
(-0.68, 0.85)
(-0.7, 0.85)
(-0.73, 0.85)
(-0.75, 0.85)
(-0.78, 0.84)
(-0.8, 0.83)
(-0.83, 0.81)
(-0.84, 0.78)
(-0.84, 0.75)
(-0.85, 0.71)
(-0.84, 0.68)
(-0.84, 0.65)
(-0.84, 0.62)
(-0.84, 0.6)
(-0.84, 0.58)
(-0.84, 0.54)
(-0.84, 0.52)
(-0.84, 0.49)
(-0.84, 0.47)
(-0.84, 0.44)
(-0.84, 0.42)
(-0.84, 0.39)
(-0.84, 0.36)
(-0.84, 0.33)
(-0.84, 0.31)
(-0.84, 0.28)
(-0.84, 0.25)
(-0.84, 0.23)
(-0.84, 0.2)
(-0.84, 0.18)
(-0.85, 0.15)
(-0.85, 0.12)
(-0.85, 0.09)
(-0.85, 0.07)
(-0.85, 0.04)
(-0.85, 0.02)
(-0.85, -0.01)
(-0.85, -0.04)
(-0.85, -0.07)
(-0.85, -0.09)
(-0.85, -0.12)
(-0.85, -0.14)
(-0.85, -0.17)
(-0.85, -0.2)
(-0.85, -0.22)
(-0.85, -0.25)
(-0.85, -0.27)
(-0.85, -0.3)
(-0.85, -0.33)
(-0.85, -0.36)
(-0.85, -0.38)
(-0.85, -0.41)
(-0.84, -0.43)
(-0.84, -0.46)
(-0.84, -0.49)
(-0.84, -0.51)
(-0.84, -0.54)
(-0.84, -0.57)
(-0.84, -0.59)
(-0.85, -0.62)
(-0.84, -0.65)
(-0.84, -0.67)
(-0.85, -0.7)
(-0.85, -0.73)
(-0.84, -0.76)
(-0.84, -0.78)
(-0.83, -0.81)
(-0.81, -0.83)
(-0.78, -0.84)
(-0.77, -0.84)
(-0.73, -0.84)
(-0.69, -0.84)
(-0.67, -0.84)
(-0.64, -0.84)
(-0.61, -0.84)
(-0.58, -0.84)
(-0.56, -0.84)
(-0.53, -0.84)
(-0.51, -0.84)
(-0.47, -0.84)
(-0.45, -0.84)
(-0.42, -0.85)
(-0.4, -0.84)
(-0.37, -0.85)
(-0.34, -0.85)
(-0.32, -0.85)
(-0.29, -0.85)
(-0.27, -0.85)
(-0.24, -0.85)
(-0.21, -0.85)
(-0.18, -0.85)
(-0.16, -0.85)
(-0.13, -0.85)
(-0.11, -0.85)
(-0.08, -0.84)
(-0.05, -0.85)
(-0.02, -0.85)
(0.0, -0.85)
(0.03, -0.85)
(0.05, -0.85)
(0.08, -0.85)
(0.11, -0.85)
(0.13, -0.85)
(0.16, -0.85)
(0.19, -0.85)
(0.22, -0.85)
(0.24, -0.85)
(0.27, -0.85)
(0.29, -0.85)
(0.32, -0.84)
(0.35, -0.85)
(0.37, -0.85)
(0.4, -0.85)
(0.42, -0.85)
(0.46, -0.85)
(0.48, -0.85)
(0.51, -0.85)
(0.53, -0.85)
(0.56, -0.84)
(0.59, -0.84)
(0.62, -0.85)
(0.64, -0.85)
(0.67, -0.85)
(0.69, -0.85)
(0.72, -0.85)
(0.75, -0.85)
(0.78, -0.84)
(0.8, -0.84)
(0.82, -0.82)
(0.83, -0.79)
(0.84, -0.77)
(0.85, -0.72)
(0.85, -0.69)
(0.85, -0.66)
(0.85, -0.64)
(0.85, -0.61)
(0.85, -0.58)
(0.85, -0.55)
(0.85, -0.53)
(0.85, -0.51)
(0.85, -0.47)
(0.85, -0.45)
(0.85, -0.42)
(0.85, -0.4)
(0.85, -0.37)
(0.85, -0.34)
(0.84, -0.31)
(0.84, -0.29)
(0.84, -0.26)
(0.84, -0.24)
(0.85, -0.21)
(0.84, -0.18)
(0.85, -0.16)
(0.85, -0.13)
(0.84, -0.11)
(0.85, -0.08)
(0.85, -0.05)
(0.85, -0.02)
(0.85, -0.0)
(0.85, 0.03)
(0.85, 0.05)
(0.85, 0.08)
(0.85, 0.11)
(0.85, 0.14)
(0.85, 0.16)
(0.85, 0.19)
(0.85, 0.21)
(0.85, 0.24)
(0.85, 0.27)
(0.85, 0.29)
(0.85, 0.32)
(0.85, 0.34)
(0.85, 0.38)
(0.85, 0.4)
(0.85, 0.43)
(0.85, 0.45)
(0.85, 0.48)
(0.85, 0.51)
(0.85, 0.54)
(0.85, 0.56)
(0.85, 0.59)
(0.85, 0.61)
(0.85, 0.64)
(0.85, 0.67)
(0.85, 0.69)
(0.85, 0.72)
(0.85, 0.75)
(0.85, 0.78)
(0.84, 0.8)
(0.82, 0.82)
(0.79, 0.84)
(0.76, 0.84)
(0.73, 0.85)
(0.69, 0.84)
(0.67, 0.84)
(0.64, 0.85)
(0.61, 0.85)
(0.59, 0.85)
(0.56, 0.85)
(0.54, 0.85)
(0.51, 0.85)
(0.48, 0.85)
(0.45, 0.85)
(0.43, 0.85)
(0.4, 0.85)
(0.38, 0.85)
(0.35, 0.85)
(0.32, 0.85)
(0.29, 0.85)
(0.27, 0.85)
(0.24, 0.85)
(0.22, 0.85)
(0.19, 0.85)
(0.16, 0.84)
(0.14, 0.84)
(0.11, 0.84)
(0.08, 0.84)
(0.06, 0.84)
(0.03, 0.84)
(0.0, 0.85)
(-0.02, 0.85)
(-0.05, 0.85)
(-0.08, 0.84)
(-0.1, 0.84)
(-0.13, 0.85)
(-0.15, 0.84)
(-0.18, 0.85)
(-0.21, 0.85)
(-0.24, 0.85)
(-0.26, 0.85)
(-0.29, 0.85)
(-0.31, 0.85)
(-0.34, 0.85)
(-0.37, 0.85)
(-0.4, 0.85)
(-0.42, 0.85)
(-0.45, 0.85)
(-0.47, 0.85)
(-0.5, 0.85)
(-0.53, 0.85)
(-0.55, 0.85)
(-0.58, 0.85)
(-0.61, 0.85)
(-0.63, 0.85)
(-0.66, 0.85)
(-0.69, 0.85)
(-0.71, 0.85)
(-0.75, 0.85)
(-0.77, 0.85)
(-0.79, 0.84)
(-0.81, 0.82)
(-0.83, 0.8)
(-0.84, 0.76)
(-0.85, 0.73)
(-0.84, 0.69)
(-0.84, 0.67)
(-0.84, 0.64)
(-0.84, 0.61)
(-0.85, 0.58)
(-0.85, 0.56)
(-0.85, 0.53)
(-0.85, 0.51)
(-0.85, 0.48)
(-0.85, 0.45)
(-0.85, 0.42)
(-0.85, 0.4)
(-0.85, 0.38)
(-0.85, 0.35)
(-0.85, 0.32)
(-0.85, 0.29)
(-0.85, 0.27)
(-0.85, 0.24)
(-0.85, 0.21)
(-0.85, 0.18)
(-0.85, 0.16)
(-0.85, 0.13)
(-0.85, 0.11)
(-0.85, 0.08)
(-0.85, 0.05)
(-0.85, 0.03)
(-0.85, -0.0)
(-0.85, -0.03)
(-0.85, -0.05)
(-0.85, -0.08)
(-0.85, -0.11)
(-0.85, -0.13)
(-0.85, -0.16)
(-0.85, -0.19)
(-0.85, -0.22)
(-0.85, -0.24)
(-0.85, -0.27)
(-0.85, -0.29)
(-0.85, -0.32)
(-0.85, -0.35)
(-0.85, -0.37)
(-0.85, -0.4)
(-0.85, -0.42)
(-0.85, -0.45)
(-0.85, -0.48)
(-0.85, -0.51)
(-0.85, -0.53)
(-0.85, -0.56)
(-0.85, -0.58)
(-0.85, -0.62)
(-0.85, -0.64)
(-0.85, -0.67)
(-0.85, -0.69)
(-0.85, -0.72)
(-0.85, -0.75)
(-0.85, -0.78)
(-0.84, -0.8)
(-0.82, -0.82)
(-0.79, -0.84)
(-0.77, -0.84)
(-0.72, -0.84)
(-0.69, -0.84)
(-0.66, -0.84)
(-0.64, -0.84)
(-0.61, -0.84)
(-0.58, -0.84)
(-0.55, -0.84)
(-0.53, -0.84)
(-0.51, -0.84)
(-0.48, -0.84)
(-0.45, -0.84)
(-0.42, -0.84)
(-0.4, -0.84)
(-0.37, -0.84)
(-0.35, -0.84)
(-0.32, -0.84)
(-0.29, -0.84)
(-0.26, -0.84)
(-0.24, -0.84)
(-0.21, -0.84)
(-0.19, -0.84)
(-0.16, -0.84)
(-0.13, -0.84)
(-0.11, -0.84)
(-0.08, -0.85)
(-0.05, -0.84)
(-0.02, -0.85)
(-0.0, -0.84)
(0.03, -0.85)
(0.05, -0.85)
(0.08, -0.85)
(0.11, -0.85)
(0.14, -0.85)
(0.16, -0.85)
(0.19, -0.85)
(0.21, -0.85)
(0.24, -0.85)
(0.27, -0.85)
(0.29, -0.85)
(0.32, -0.85)
(0.34, -0.85)
(0.37, -0.85)
(0.4, -0.85)
(0.43, -0.85)
(0.45, -0.85)
(0.48, -0.85)
(0.5, -0.85)
(0.53, -0.85)
(0.56, -0.84)
(0.58, -0.84)
(0.61, -0.84)
(0.64, -0.84)
(0.66, -0.84)
(0.69, -0.84)
(0.72, -0.84)
(0.75, -0.84)
(0.78, -0.84)
(0.8, -0.83)
(0.82, -0.81)
(0.83, -0.79)
(0.83, -0.77)
(0.83, -0.73)
(0.83, -0.69)
(0.84, -0.67)
(0.84, -0.64)
(0.84, -0.61)
(0.84, -0.59)
(0.84, -0.56)
(0.84, -0.54)
(0.84, -0.51)
(0.84, -0.48)
(0.84, -0.45)
(0.84, -0.43)
(0.84, -0.4)
(0.84, -0.38)
(0.84, -0.35)
(0.84, -0.32)
(0.84, -0.3)
(0.84, -0.27)
(0.84, -0.24)
(0.85, -0.22)
(0.85, -0.19)
(0.85, -0.16)
(0.85, -0.14)
(0.85, -0.11)
(0.84, -0.09)
(0.85, -0.05)
(0.85, -0.03)
(0.85, -0.0)
(0.85, 0.02)
(0.85, 0.05)
(0.85, 0.08)
(0.85, 0.1)
(0.85, 0.13)
(0.85, 0.15)
(0.85, 0.18)
(0.85, 0.21)
(0.85, 0.24)
(0.85, 0.26)
(0.85, 0.29)
(0.85, 0.31)
(0.85, 0.34)
(0.85, 0.37)
(0.85, 0.4)
(0.85, 0.42)
(0.85, 0.45)
(0.84, 0.47)
(0.84, 0.5)
(0.84, 0.53)
(0.84, 0.55)
(0.84, 0.58)
(0.84, 0.61)
(0.85, 0.63)
(0.84, 0.66)
(0.85, 0.69)
(0.85, 0.71)
(0.85, 0.74)
(0.84, 0.77)
(0.84, 0.79)
(0.82, 0.81)
(0.8, 0.83)
(0.77, 0.84)
(0.74, 0.84)
(0.7, 0.85)
(0.67, 0.85)
(0.64, 0.85)
(0.62, 0.85)
(0.59, 0.85)
(0.56, 0.85)
(0.53, 0.85)
(0.51, 0.85)
(0.48, 0.85)
(0.46, 0.85)
(0.43, 0.85)
(0.4, 0.85)
(0.38, 0.85)
(0.35, 0.85)
(0.33, 0.85)
(0.29, 0.85)
(0.27, 0.85)
(0.24, 0.85)
(0.22, 0.85)
(0.19, 0.85)
(0.16, 0.85)
(0.13, 0.85)
(0.11, 0.85)
(0.08, 0.85)
(0.06, 0.85)
(0.03, 0.85)
(0.0, 0.85)
(-0.02, 0.85)
(-0.05, 0.85)
(-0.07, 0.85)
(-0.1, 0.85)
(-0.13, 0.85)
(-0.16, 0.85)
(-0.18, 0.85)
(-0.21, 0.85)
(-0.24, 0.85)
(-0.27, 0.85)
(-0.29, 0.85)
(-0.31, 0.85)
(-0.34, 0.85)
(-0.37, 0.85)
(-0.4, 0.85)
(-0.42, 0.85)
(-0.45, 0.85)
(-0.47, 0.85)
(-0.5, 0.85)
(-0.53, 0.85)
(-0.56, 0.85)
(-0.58, 0.85)
(-0.61, 0.85)
(-0.64, 0.85)
(-0.66, 0.85)
(-0.69, 0.85)
(-0.71, 0.85)
(-0.75, 0.85)
(-0.78, 0.85)
(-0.8, 0.84)
(-0.82, 0.82)
(-0.83, 0.79)
(-0.84, 0.77)
(-0.85, 0.73)
(-0.85, 0.7)
(-0.84, 0.66)
(-0.84, 0.64)
(-0.85, 0.61)
(-0.85, 0.59)
(-0.85, 0.56)
(-0.85, 0.53)
(-0.85, 0.51)
(-0.85, 0.48)
(-0.85, 0.46)
(-0.85, 0.42)
(-0.85, 0.4)
(-0.85, 0.37)
(-0.85, 0.35)
(-0.85, 0.32)
(-0.85, 0.29)
(-0.85, 0.26)
(-0.85, 0.24)
(-0.85, 0.21)
(-0.85, 0.19)
(-0.85, 0.16)
(-0.84, 0.13)
(-0.84, 0.11)
(-0.84, 0.08)
(-0.84, 0.06)
(-0.84, 0.03)
(-0.84, 0.0)
(-0.84, -0.03)
(-0.85, -0.05)
(-0.85, -0.08)
(-0.85, -0.1)
(-0.85, -0.13)
(-0.85, -0.16)
(-0.85, -0.18)
(-0.85, -0.21)
(-0.85, -0.23)
(-0.85, -0.26)
(-0.85, -0.29)
(-0.85, -0.32)
(-0.85, -0.34)
(-0.85, -0.37)
(-0.85, -0.39)
(-0.85, -0.43)
(-0.85, -0.45)
(-0.85, -0.48)
(-0.85, -0.5)
(-0.85, -0.53)
(-0.85, -0.56)
(-0.85, -0.58)
(-0.85, -0.61)
(-0.85, -0.63)
(-0.85, -0.66)
(-0.85, -0.69)
(-0.85, -0.72)
(-0.85, -0.74)
(-0.85, -0.78)
(-0.84, -0.79)
(-0.82, -0.82)
(-0.8, -0.84)
(-0.78, -0.84)
(-0.75, -0.84)
(-0.71, -0.84)
(-0.68, -0.84)
(-0.65, -0.84)
(-0.62, -0.84)
(-0.6, -0.84)
(-0.57, -0.84)
(-0.55, -0.84)
(-0.52, -0.84)
(-0.49, -0.84)
(-0.46, -0.85)
(-0.44, -0.85)
(-0.41, -0.85)
(-0.39, -0.85)
(-0.35, -0.85)
(-0.33, -0.85)
(-0.31, -0.85)
(-0.28, -0.85)
(-0.25, -0.85)
(-0.22, -0.85)
(-0.2, -0.85)
(-0.17, -0.85)
(-0.15, -0.85)
(-0.12, -0.85)
(-0.09, -0.85)
(-0.06, -0.85)
(-0.04, -0.85)
(-0.01, -0.85)
(0.01, -0.85)
(0.04, -0.84)
(0.07, -0.84)
(0.09, -0.84)
(0.12, -0.85)
(0.14, -0.84)
(0.17, -0.84)
(0.2, -0.84)
(0.23, -0.85)
(0.25, -0.85)
(0.28, -0.85)
(0.3, -0.85)
(0.33, -0.85)
(0.36, -0.85)
(0.39, -0.85)
(0.41, -0.85)
(0.43, -0.85)
(0.46, -0.85)
(0.49, -0.85)
(0.52, -0.85)
(0.54, -0.85)
(0.57, -0.85)
(0.59, -0.85)
(0.62, -0.85)
(0.65, -0.85)
(0.68, -0.85)
(0.7, -0.85)
(0.73, -0.85)
(0.76, -0.85)
(0.78, -0.84)
(0.81, -0.82)
(0.83, -0.8)
(0.85, -0.77)
(0.86, -0.74)
(0.86, -0.71)
(0.85, -0.67)
(0.85, -0.64)
(0.85, -0.62)
(0.85, -0.59)
(0.85, -0.57)
(0.84, -0.54)
(0.84, -0.51)
(0.84, -0.48)
(0.84, -0.46)
(0.84, -0.44)
(0.84, -0.41)
(0.85, -0.38)
(0.84, -0.35)
(0.84, -0.33)
(0.84, -0.3)
(0.84, -0.27)
(0.84, -0.24)
(0.84, -0.22)
(0.84, -0.19)
(0.84, -0.17)
(0.84, -0.14)
(0.85, -0.11)
(0.84, -0.09)
(0.84, -0.06)
(0.84, -0.04)
(0.85, -0.01)
(0.85, 0.02)
(0.84, 0.05)
(0.85, 0.07)
(0.84, 0.1)
(0.84, 0.12)
(0.84, 0.15)
(0.84, 0.18)
(0.84, 0.21)
(0.84, 0.23)
(0.85, 0.26)
(0.84, 0.29)
(0.84, 0.31)
(0.84, 0.34)
(0.84, 0.36)
(0.84, 0.39)
(0.84, 0.42)
(0.84, 0.45)
(0.84, 0.47)
(0.85, 0.5)
(0.84, 0.52)
(0.84, 0.55)
(0.84, 0.58)
(0.84, 0.61)
(0.84, 0.63)
(0.84, 0.66)
(0.84, 0.68)
(0.84, 0.71)
(0.84, 0.74)
(0.84, 0.77)
(0.84, 0.79)
(0.82, 0.81)
(0.79, 0.83)
(0.77, 0.84)
(0.73, 0.84)
(0.69, 0.84)
(0.66, 0.84)
(0.64, 0.84)
(0.61, 0.84)
(0.59, 0.84)
(0.56, 0.84)
(0.53, 0.84)
(0.51, 0.84)
(0.48, 0.84)
(0.46, 0.84)
(0.43, 0.84)
(0.4, 0.84)
(0.37, 0.84)
(0.35, 0.84)
(0.32, 0.84)
(0.3, 0.84)
(0.27, 0.84)
(0.24, 0.84)
(0.22, 0.84)
(0.19, 0.84)
(0.16, 0.84)
(0.14, 0.85)
(0.11, 0.85)
(0.08, 0.85)
(0.06, 0.85)
(0.03, 0.85)
(0.0, 0.85)
(-0.02, 0.85)
(-0.05, 0.85)
(-0.08, 0.85)
(-0.1, 0.85)
(-0.13, 0.85)
(-0.16, 0.85)
(-0.18, 0.85)
(-0.21, 0.85)
(-0.23, 0.85)
(-0.26, 0.85)
(-0.29, 0.85)
(-0.32, 0.85)
(-0.34, 0.85)
(-0.37, 0.85)
(-0.39, 0.85)
(-0.42, 0.85)
(-0.45, 0.85)
(-0.48, 0.85)
(-0.5, 0.85)
(-0.52, 0.85)
(-0.55, 0.85)
(-0.58, 0.85)
(-0.61, 0.84)
(-0.63, 0.84)
(-0.66, 0.84)
(-0.69, 0.84)
(-0.72, 0.84)
(-0.74, 0.84)
(-0.78, 0.84)
(-0.8, 0.84)
(-0.82, 0.81)
(-0.84, 0.79)
(-0.86, 0.76)
(-0.87, 0.74)
(-0.87, 0.72)
(-0.86, 0.68)
(-0.85, 0.65)
(-0.85, 0.62)
(-0.85, 0.6)
(-0.85, 0.57)
(-0.85, 0.54)
(-0.85, 0.51)
(-0.85, 0.49)
(-0.85, 0.46)
(-0.85, 0.44)
(-0.85, 0.41)
(-0.85, 0.38)
(-0.85, 0.36)
(-0.85, 0.33)
(-0.85, 0.31)
(-0.85, 0.28)
(-0.84, 0.25)
(-0.85, 0.22)
(-0.85, 0.2)
(-0.85, 0.17)
(-0.85, 0.15)
(-0.85, 0.12)
(-0.85, 0.09)
(-0.85, 0.06)
(-0.85, 0.04)
(-0.85, 0.01)
(-0.85, -0.01)
(-0.85, -0.04)
(-0.85, -0.07)
(-0.85, -0.09)
(-0.85, -0.12)
(-0.85, -0.14)
(-0.85, -0.17)
(-0.85, -0.2)
(-0.85, -0.23)
(-0.85, -0.25)
(-0.85, -0.28)
(-0.85, -0.3)
(-0.85, -0.34)
(-0.85, -0.36)
(-0.85, -0.38)
(-0.85, -0.41)
(-0.85, -0.44)
(-0.84, -0.47)
(-0.84, -0.49)
(-0.85, -0.52)
(-0.85, -0.54)
(-0.84, -0.57)
(-0.85, -0.6)
(-0.84, -0.63)
(-0.85, -0.65)
(-0.85, -0.68)
(-0.85, -0.7)
(-0.85, -0.74)
(-0.84, -0.77)
(-0.84, -0.78)
(-0.82, -0.81)
(-0.8, -0.83)
(-0.77, -0.84)
(-0.74, -0.85)
(-0.7, -0.85)
(-0.67, -0.84)
(-0.64, -0.85)
(-0.62, -0.85)
(-0.59, -0.85)
(-0.57, -0.85)
(-0.54, -0.85)
(-0.51, -0.85)
(-0.49, -0.85)
(-0.46, -0.85)
(-0.43, -0.85)
(-0.4, -0.85)
(-0.38, -0.85)
(-0.35, -0.85)
(-0.33, -0.85)
(-0.3, -0.85)
(-0.27, -0.85)
(-0.24, -0.85)
(-0.22, -0.85)
(-0.19, -0.85)
(-0.16, -0.85)
(-0.14, -0.85)
(-0.11, -0.85)
(-0.09, -0.85)
(-0.06, -0.85)
(-0.03, -0.85)
(-0.0, -0.85)
(0.02, -0.85)
(0.05, -0.85)
(0.07, -0.85)
(0.1, -0.85)
(0.13, -0.85)
(0.16, -0.85)
(0.18, -0.85)
(0.21, -0.85)
(0.23, -0.85)
(0.26, -0.85)
(0.29, -0.85)
(0.31, -0.85)
(0.34, -0.85)
(0.37, -0.85)
(0.39, -0.85)
(0.42, -0.85)
(0.45, -0.85)
(0.47, -0.85)
(0.5, -0.85)
(0.53, -0.85)
(0.56, -0.85)
(0.58, -0.85)
(0.61, -0.85)
(0.63, -0.85)
(0.66, -0.85)
(0.69, -0.85)
(0.71, -0.85)
(0.74, -0.85)
(0.77, -0.85)
(0.79, -0.84)
(0.82, -0.82)
(0.83, -0.8)
(0.83, -0.78)
(0.84, -0.74)
(0.84, -0.71)
(0.84, -0.68)
(0.84, -0.65)
(0.84, -0.63)
(0.84, -0.6)
(0.84, -0.57)
(0.84, -0.54)
(0.84, -0.52)
(0.84, -0.49)
(0.84, -0.47)
(0.84, -0.44)
(0.85, -0.41)
(0.85, -0.38)
(0.84, -0.36)
(0.85, -0.33)
(0.85, -0.31)
(0.85, -0.28)
(0.85, -0.25)
(0.85, -0.23)
(0.85, -0.2)
(0.85, -0.18)
(0.85, -0.15)
(0.85, -0.12)
(0.85, -0.09)
(0.85, -0.07)
(0.85, -0.04)
(0.85, -0.02)
(0.85, 0.02)
(0.85, 0.04)
(0.85, 0.07)
(0.85, 0.09)
(0.85, 0.12)
(0.84, 0.15)
(0.84, 0.17)
(0.84, 0.2)
(0.84, 0.22)
(0.84, 0.25)
(0.84, 0.28)
(0.84, 0.3)
(0.84, 0.33)
(0.85, 0.36)
(0.85, 0.38)
(0.85, 0.41)
(0.85, 0.44)
(0.85, 0.47)
(0.85, 0.49)
(0.84, 0.52)
(0.85, 0.54)
(0.85, 0.57)
(0.85, 0.6)
(0.85, 0.62)
(0.85, 0.65)
(0.85, 0.67)
(0.85, 0.7)
(0.85, 0.73)
(0.85, 0.76)
(0.84, 0.78)
(0.83, 0.81)
(0.8, 0.83)
(0.78, 0.85)
(0.75, 0.86)
(0.72, 0.86)
(0.68, 0.86)
(0.66, 0.85)
(0.62, 0.85)
(0.6, 0.85)
(0.57, 0.85)
(0.55, 0.85)
(0.52, 0.85)
(0.49, 0.85)
(0.47, 0.85)
(0.44, 0.85)
(0.41, 0.85)
(0.39, 0.85)
(0.36, 0.85)
(0.33, 0.85)
(0.31, 0.85)
(0.28, 0.85)
(0.26, 0.85)
(0.23, 0.85)
(0.2, 0.84)
(0.17, 0.84)
(0.15, 0.84)
(0.12, 0.84)
(0.1, 0.84)
(0.07, 0.84)
(0.04, 0.84)
(0.02, 0.85)
(-0.01, 0.85)
(-0.03, 0.84)
(-0.06, 0.84)
(-0.09, 0.85)
(-0.12, 0.85)
(-0.14, 0.85)
(-0.17, 0.85)
(-0.19, 0.85)
(-0.22, 0.85)
(-0.25, 0.85)
(-0.28, 0.85)
(-0.3, 0.85)
(-0.33, 0.85)
(-0.35, 0.85)
(-0.38, 0.85)
(-0.41, 0.85)
(-0.43, 0.85)
(-0.46, 0.85)
(-0.49, 0.85)
(-0.52, 0.85)
(-0.54, 0.85)
(-0.57, 0.84)
(-0.59, 0.84)
(-0.62, 0.84)
(-0.65, 0.84)
(-0.68, 0.84)
(-0.7, 0.85)
(-0.72, 0.85)
(-0.76, 0.84)
(-0.78, 0.84)
(-0.81, 0.83)
(-0.83, 0.81)
(-0.84, 0.78)
(-0.85, 0.75)
(-0.85, 0.71)
(-0.85, 0.68)
(-0.85, 0.65)
(-0.85, 0.63)
(-0.85, 0.6)
(-0.85, 0.57)
(-0.85, 0.55)
(-0.85, 0.52)
(-0.85, 0.5)
(-0.85, 0.47)
(-0.85, 0.44)
(-0.85, 0.41)
(-0.85, 0.39)
(-0.85, 0.36)
(-0.85, 0.34)
(-0.85, 0.31)
(-0.85, 0.28)
(-0.85, 0.25)
(-0.85, 0.23)
(-0.85, 0.2)
(-0.85, 0.17)
(-0.85, 0.15)
(-0.85, 0.12)
(-0.85, 0.1)
(-0.85, 0.07)
(-0.85, 0.04)
(-0.85, 0.01)
(-0.85, -0.01)
(-0.85, -0.04)
(-0.85, -0.06)
(-0.85, -0.09)
(-0.85, -0.12)
(-0.85, -0.15)
(-0.85, -0.17)
(-0.85, -0.2)
(-0.85, -0.22)
(-0.85, -0.25)
(-0.85, -0.28)
(-0.85, -0.3)
(-0.85, -0.33)
(-0.85, -0.36)
(-0.85, -0.39)
(-0.85, -0.41)
(-0.85, -0.44)
(-0.85, -0.46)
(-0.85, -0.49)
(-0.85, -0.52)
(-0.85, -0.55)
(-0.85, -0.57)
(-0.85, -0.6)
(-0.85, -0.62)
(-0.85, -0.65)
(-0.85, -0.68)
(-0.85, -0.7)
(-0.85, -0.74)
(-0.85, -0.77)
(-0.84, -0.79)
(-0.83, -0.8)
(-0.8, -0.83)
(-0.78, -0.84)
(-0.74, -0.85)
(-0.71, -0.85)
(-0.67, -0.85)
(-0.65, -0.85)
(-0.63, -0.85)
(-0.6, -0.85)
(-0.57, -0.85)
(-0.54, -0.85)
(-0.52, -0.85)
(-0.49, -0.85)
(-0.46, -0.85)
(-0.43, -0.84)
(-0.41, -0.84)
(-0.38, -0.84)
(-0.36, -0.84)
(-0.33, -0.84)
(-0.3, -0.84)
(-0.28, -0.84)
(-0.25, -0.84)
(-0.23, -0.84)
(-0.2, -0.85)
(-0.17, -0.85)
(-0.14, -0.85)
(-0.12, -0.85)
(-0.09, -0.85)
(-0.07, -0.85)
(-0.04, -0.85)
(-0.01, -0.85)
(0.02, -0.85)
(0.04, -0.85)
(0.07, -0.85)
(0.09, -0.85)
(0.12, -0.85)
(0.15, -0.85)
(0.17, -0.85)
(0.2, -0.85)
(0.22, -0.85)
(0.25, -0.85)
(0.28, -0.85)
(0.31, -0.85)
(0.33, -0.85)
(0.36, -0.85)
(0.39, -0.85)
(0.42, -0.85)
(0.44, -0.85)
(0.46, -0.85)
(0.49, -0.85)
(0.52, -0.85)
(0.55, -0.85)
(0.57, -0.85)
(0.6, -0.85)
(0.62, -0.85)
(0.65, -0.85)
(0.68, -0.85)
(0.71, -0.84)
(0.73, -0.84)
(0.77, -0.84)
(0.79, -0.84)
(0.81, -0.82)
(0.83, -0.8)
(0.83, -0.78)
(0.83, -0.75)
(0.83, -0.71)
(0.83, -0.68)
(0.84, -0.66)
(0.84, -0.63)
(0.84, -0.6)
(0.84, -0.57)
(0.84, -0.55)
(0.84, -0.52)
(0.84, -0.5)
(0.84, -0.47)
(0.84, -0.44)
(0.84, -0.42)
(0.84, -0.39)
(0.84, -0.37)
(0.84, -0.34)
(0.84, -0.31)
(0.84, -0.28)
(0.84, -0.26)
(0.84, -0.23)
(0.84, -0.21)
(0.84, -0.18)
(0.84, -0.15)
(0.84, -0.12)
(0.84, -0.1)
(0.84, -0.07)
(0.84, -0.04)
(0.84, -0.02)
(0.85, 0.01)
(0.85, 0.03)
(0.84, 0.06)
(0.84, 0.09)
(0.84, 0.12)
(0.84, 0.14)
(0.85, 0.17)
(0.84, 0.19)
(0.85, 0.22)
(0.85, 0.25)
(0.85, 0.28)
(0.85, 0.3)
(0.85, 0.32)
(0.85, 0.36)
(0.85, 0.38)
(0.85, 0.41)
(0.85, 0.43)
(0.85, 0.46)
(0.85, 0.48)
(0.85, 0.51)
(0.85, 0.54)
(0.85, 0.57)
(0.85, 0.59)
(0.85, 0.62)
(0.85, 0.65)
(0.85, 0.67)
(0.85, 0.7)
(0.85, 0.72)
(0.84, 0.75)
(0.83, 0.78)
(0.81, 0.81)
(0.79, 0.83)
(0.76, 0.85)
(0.73, 0.86)
(0.69, 0.85)
(0.66, 0.85)
(0.63, 0.85)
(0.61, 0.85)
(0.58, 0.85)
(0.56, 0.85)
(0.53, 0.85)
(0.5, 0.85)
(0.48, 0.84)
(0.45, 0.84)
(0.43, 0.84)
(0.39, 0.84)
(0.37, 0.84)
(0.34, 0.84)
(0.32, 0.84)
(0.29, 0.84)
(0.26, 0.84)
(0.23, 0.84)
(0.21, 0.84)
(0.18, 0.84)
(0.16, 0.84)
(0.13, 0.84)
(0.1, 0.84)
(0.08, 0.84)
(0.05, 0.84)
(0.03, 0.84)
(-0.0, 0.84)
(-0.03, 0.84)
(-0.06, 0.84)
(-0.08, 0.84)
(-0.11, 0.84)
(-0.14, 0.84)
(-0.16, 0.84)
(-0.19, 0.84)
(-0.21, 0.84)
(-0.24, 0.84)
(-0.27, 0.84)
(-0.3, 0.84)
(-0.32, 0.84)
(-0.35, 0.84)
(-0.37, 0.84)
(-0.4, 0.84)
(-0.43, 0.84)
(-0.46, 0.84)
(-0.48, 0.84)
(-0.51, 0.84)
(-0.54, 0.84)
(-0.56, 0.84)
(-0.59, 0.84)
(-0.61, 0.84)
(-0.64, 0.84)
(-0.67, 0.84)
(-0.7, 0.84)
(-0.72, 0.84)
(-0.76, 0.84)
(-0.78, 0.84)
(-0.8, 0.83)
(-0.82, 0.81)
(-0.84, 0.77)
(-0.84, 0.75)
(-0.84, 0.71)
(-0.84, 0.68)
(-0.84, 0.65)
(-0.84, 0.62)
(-0.84, 0.6)
(-0.84, 0.57)
(-0.84, 0.55)
(-0.84, 0.52)
(-0.85, 0.49)
(-0.84, 0.46)
(-0.85, 0.44)
(-0.85, 0.41)
(-0.85, 0.39)
(-0.85, 0.36)
(-0.85, 0.33)
(-0.85, 0.3)
(-0.85, 0.28)
(-0.85, 0.26)
(-0.85, 0.23)
(-0.85, 0.2)
(-0.85, 0.17)
(-0.85, 0.15)
(-0.85, 0.12)
(-0.85, 0.1)
(-0.85, 0.07)
(-0.85, 0.04)
(-0.85, 0.01)
(-0.85, -0.01)
(-0.84, -0.04)
(-0.84, -0.06)
(-0.84, -0.09)
(-0.84, -0.12)
(-0.84, -0.14)
(-0.84, -0.17)
(-0.84, -0.19)
(-0.85, -0.23)
(-0.84, -0.25)
(-0.84, -0.28)
(-0.84, -0.3)
(-0.84, -0.33)
(-0.84, -0.36)
(-0.85, -0.39)
(-0.84, -0.41)
(-0.85, -0.44)
(-0.85, -0.46)
(-0.85, -0.49)
(-0.85, -0.52)
(-0.85, -0.54)
(-0.85, -0.57)
(-0.85, -0.59)
(-0.85, -0.62)
(-0.85, -0.65)
(-0.85, -0.68)
(-0.85, -0.7)
(-0.85, -0.73)
(-0.85, -0.76)
(-0.84, -0.78)
(-0.83, -0.81)
(-0.81, -0.83)
(-0.79, -0.84)
(-0.76, -0.83)
(-0.72, -0.83)
(-0.69, -0.84)
(-0.66, -0.84)
(-0.64, -0.84)
(-0.61, -0.84)
(-0.58, -0.84)
(-0.55, -0.84)
(-0.53, -0.84)
(-0.5, -0.84)
(-0.48, -0.84)
(-0.44, -0.84)
(-0.42, -0.84)
(-0.4, -0.84)
(-0.37, -0.84)
(-0.34, -0.84)
(-0.31, -0.84)
(-0.29, -0.84)
(-0.26, -0.84)
(-0.24, -0.84)
(-0.21, -0.84)
(-0.18, -0.84)
(-0.16, -0.84)
(-0.13, -0.84)
(-0.1, -0.84)
(-0.08, -0.84)
(-0.05, -0.84)
(-0.02, -0.84)
(0.0, -0.84)
(0.03, -0.85)
(0.05, -0.84)
(0.08, -0.85)
(0.11, -0.85)
(0.14, -0.85)
(0.16, -0.85)
(0.19, -0.85)
(0.21, -0.85)
(0.24, -0.85)
(0.27, -0.85)
(0.3, -0.85)
(0.32, -0.85)
(0.34, -0.85)
(0.37, -0.85)
(0.4, -0.85)
(0.43, -0.85)
(0.45, -0.85)
(0.48, -0.85)
(0.51, -0.85)
(0.53, -0.84)
(0.56, -0.84)
(0.59, -0.84)
(0.61, -0.84)
(0.64, -0.84)
(0.67, -0.85)
(0.69, -0.84)
(0.72, -0.85)
(0.74, -0.85)
(0.78, -0.84)
(0.79, -0.84)
(0.82, -0.81)
(0.83, -0.79)
(0.84, -0.75)
(0.84, -0.72)
(0.84, -0.68)
(0.84, -0.66)
(0.84, -0.63)
(0.84, -0.6)
(0.84, -0.57)
(0.84, -0.55)
(0.84, -0.53)
(0.84, -0.5)
(0.84, -0.47)
(0.84, -0.44)
(0.84, -0.42)
(0.85, -0.39)
(0.85, -0.37)
(0.85, -0.34)
(0.85, -0.31)
(0.85, -0.28)
(0.85, -0.26)
(0.85, -0.23)
(0.85, -0.21)
(0.85, -0.18)
(0.85, -0.15)
(0.85, -0.13)
(0.85, -0.1)
(0.85, -0.07)
(0.85, -0.04)
(0.85, -0.02)
(0.85, 0.01)
(0.85, 0.03)
(0.85, 0.06)
(0.85, 0.09)
(0.85, 0.12)
(0.85, 0.14)
(0.85, 0.17)
(0.85, 0.19)
(0.85, 0.22)
(0.85, 0.25)
(0.85, 0.27)
(0.85, 0.3)
(0.85, 0.33)
(0.85, 0.36)
(0.85, 0.38)
(0.85, 0.41)
(0.85, 0.43)
(0.85, 0.46)
(0.85, 0.49)
(0.85, 0.52)
(0.85, 0.54)
(0.85, 0.57)
(0.85, 0.59)
(0.85, 0.62)
(0.85, 0.65)
(0.85, 0.67)
(0.85, 0.7)
(0.85, 0.72)
(0.85, 0.76)
(0.84, 0.78)
(0.83, 0.8)
(0.8, 0.83)
(0.78, 0.84)
(0.74, 0.84)
(0.7, 0.84)
(0.68, 0.84)
(0.65, 0.84)
(0.62, 0.84)
(0.6, 0.84)
(0.57, 0.84)
(0.55, 0.84)
(0.52, 0.84)
(0.49, 0.84)
(0.46, 0.84)
(0.44, 0.84)
(0.41, 0.84)
(0.39, 0.84)
(0.35, 0.84)
(0.33, 0.84)
(0.31, 0.84)
(0.28, 0.84)
(0.25, 0.84)
(0.22, 0.84)
(0.2, 0.84)
(0.17, 0.84)
(0.15, 0.84)
(0.12, 0.84)
(0.09, 0.84)
(0.06, 0.84)
(0.04, 0.85)
(0.01, 0.85)
(-0.01, 0.85)
(-0.04, 0.85)
(-0.07, 0.85)
(-0.09, 0.84)
(-0.12, 0.84)
(-0.14, 0.85)
(-0.17, 0.85)
(-0.2, 0.85)
(-0.23, 0.85)
(-0.25, 0.85)
(-0.28, 0.85)
(-0.3, 0.85)
(-0.33, 0.85)
(-0.36, 0.85)
(-0.39, 0.85)
(-0.41, 0.85)
(-0.44, 0.85)
(-0.46, 0.85)
(-0.49, 0.85)
(-0.52, 0.85)
(-0.54, 0.85)
(-0.57, 0.85)
(-0.6, 0.85)
(-0.63, 0.84)
(-0.65, 0.84)
(-0.68, 0.84)
(-0.7, 0.84)
(-0.74, 0.84)
(-0.77, 0.84)
(-0.79, 0.84)
(-0.81, 0.82)
(-0.83, 0.8)
(-0.85, 0.76)
(-0.86, 0.74)
(-0.86, 0.7)
(-0.85, 0.67)
(-0.85, 0.64)
(-0.85, 0.62)
(-0.85, 0.59)
(-0.85, 0.56)
(-0.85, 0.53)
(-0.85, 0.51)
(-0.85, 0.48)
(-0.85, 0.46)
(-0.85, 0.43)
(-0.85, 0.4)
(-0.85, 0.38)
(-0.85, 0.35)
(-0.85, 0.33)
(-0.85, 0.3)
(-0.85, 0.27)
(-0.85, 0.24)
(-0.85, 0.22)
(-0.85, 0.19)
(-0.85, 0.16)
(-0.85, 0.14)
(-0.85, 0.11)
(-0.85, 0.08)
(-0.85, 0.06)
(-0.84, 0.03)
(-0.84, 0.0)
(-0.84, -0.02)
(-0.84, -0.05)
(-0.84, -0.07)
(-0.84, -0.1)
(-0.84, -0.13)
(-0.84, -0.15)
(-0.85, -0.18)
(-0.85, -0.21)
(-0.84, -0.23)
(-0.85, -0.26)
(-0.85, -0.29)
(-0.85, -0.31)
(-0.85, -0.34)
(-0.85, -0.36)
(-0.85, -0.39)
(-0.85, -0.42)
(-0.85, -0.45)
(-0.85, -0.47)
(-0.85, -0.5)
(-0.85, -0.52)
(-0.85, -0.55)
(-0.85, -0.58)
(-0.85, -0.61)
(-0.85, -0.63)
(-0.85, -0.66)
(-0.85, -0.69)
(-0.85, -0.71)
(-0.85, -0.74)
(-0.84, -0.77)
(-0.84, -0.79)
(-0.83, -0.81)
(-0.8, -0.83)
(-0.79, -0.84)
(-0.75, -0.83)
(-0.71, -0.83)
(-0.68, -0.83)
(-0.66, -0.84)
(-0.62, -0.84)
(-0.6, -0.84)
(-0.58, -0.84)
(-0.55, -0.84)
(-0.52, -0.84)
(-0.49, -0.84)
(-0.47, -0.84)
(-0.44, -0.84)
(-0.42, -0.84)
(-0.39, -0.84)
(-0.36, -0.84)
(-0.33, -0.84)
(-0.31, -0.84)
(-0.28, -0.84)
(-0.26, -0.84)
(-0.23, -0.84)
(-0.2, -0.84)
(-0.18, -0.84)
(-0.15, -0.85)
(-0.12, -0.85)
(-0.09, -0.85)
(-0.07, -0.85)
(-0.04, -0.85)
(-0.02, -0.85)
(0.01, -0.85)
(0.04, -0.85)
(0.07, -0.85)
(0.09, -0.85)
(0.12, -0.85)
(0.15, -0.85)
(0.17, -0.85)
(0.2, -0.85)
(0.22, -0.85)
(0.25, -0.85)
(0.28, -0.85)
(0.31, -0.85)
(0.33, -0.85)
(0.36, -0.85)
(0.38, -0.85)
(0.41, -0.85)
(0.44, -0.85)
(0.47, -0.85)
(0.49, -0.85)
(0.52, -0.85)
(0.54, -0.85)
(0.57, -0.85)
(0.6, -0.85)
(0.62, -0.85)
(0.65, -0.85)
(0.68, -0.85)
(0.71, -0.85)
(0.73, -0.85)
(0.77, -0.85)
(0.79, -0.84)
(0.81, -0.82)
(0.83, -0.8)
(0.84, -0.76)
(0.84, -0.73)
(0.84, -0.7)
(0.84, -0.67)
(0.84, -0.64)
(0.84, -0.62)
(0.84, -0.59)
(0.84, -0.56)
(0.84, -0.54)
(0.85, -0.51)
(0.85, -0.48)
(0.85, -0.45)
(0.85, -0.43)
(0.85, -0.4)
(0.85, -0.38)
(0.85, -0.35)
(0.85, -0.32)
(0.85, -0.3)
(0.85, -0.27)
(0.85, -0.25)
(0.85, -0.22)
(0.85, -0.19)
(0.85, -0.16)
(0.84, -0.14)
(0.84, -0.11)
(0.84, -0.09)
(0.84, -0.06)
(0.84, -0.03)
(0.84, -0.0)
(0.84, 0.02)
(0.84, 0.05)
(0.85, 0.07)
(0.85, 0.1)
(0.85, 0.13)
(0.84, 0.15)
(0.85, 0.18)
(0.85, 0.21)
(0.85, 0.24)
(0.84, 0.26)
(0.85, 0.29)
(0.85, 0.31)
(0.85, 0.34)
(0.85, 0.37)
(0.85, 0.4)
(0.85, 0.42)
(0.85, 0.44)
(0.85, 0.47)
(0.85, 0.5)
(0.85, 0.53)
(0.85, 0.55)
(0.85, 0.58)
(0.85, 0.6)
(0.85, 0.63)
(0.85, 0.66)
(0.85, 0.69)
(0.85, 0.71)
(0.85, 0.74)
(0.84, 0.77)
(0.84, 0.79)
(0.82, 0.81)
(0.8, 0.83)
(0.77, 0.84)
(0.73, 0.85)
(0.69, 0.84)
(0.67, 0.84)
(0.64, 0.84)
(0.61, 0.85)
(0.58, 0.85)
(0.56, 0.85)
(0.53, 0.85)
(0.51, 0.85)
(0.48, 0.85)
(0.45, 0.85)
(0.43, 0.85)
(0.4, 0.85)
(0.38, 0.85)
(0.35, 0.85)
(0.32, 0.85)
(0.29, 0.85)
(0.27, 0.85)
(0.24, 0.85)
(0.22, 0.85)
(0.19, 0.84)
(0.16, 0.84)
(0.13, 0.84)
(0.11, 0.84)
(0.08, 0.84)
(0.06, 0.84)
(0.03, 0.84)
(0.0, 0.85)
(-0.02, 0.84)
(-0.05, 0.84)
(-0.07, 0.84)
(-0.1, 0.84)
(-0.13, 0.85)
(-0.16, 0.85)
(-0.18, 0.85)
(-0.21, 0.85)
(-0.23, 0.85)
(-0.27, 0.85)
(-0.29, 0.85)
(-0.31, 0.85)
(-0.34, 0.85)
(-0.37, 0.85)
(-0.4, 0.85)
(-0.42, 0.85)
(-0.45, 0.85)
(-0.47, 0.85)
(-0.5, 0.85)
(-0.53, 0.85)
(-0.56, 0.85)
(-0.58, 0.85)
(-0.61, 0.85)
(-0.63, 0.85)
(-0.66, 0.85)
(-0.69, 0.85)
(-0.71, 0.84)
(-0.74, 0.84)
(-0.77, 0.84)
(-0.79, 0.84)
(-0.81, 0.82)
(-0.83, 0.8)
(-0.84, 0.77)
(-0.84, 0.73)
(-0.84, 0.7)
(-0.84, 0.67)
(-0.84, 0.64)
(-0.84, 0.61)
(-0.84, 0.59)
(-0.84, 0.57)
(-0.85, 0.54)
(-0.85, 0.51)
(-0.85, 0.48)
(-0.85, 0.46)
(-0.85, 0.43)
(-0.85, 0.41)
(-0.85, 0.38)
(-0.85, 0.35)
(-0.85, 0.32)
(-0.85, 0.3)
(-0.85, 0.27)
(-0.85, 0.24)
(-0.85, 0.22)
(-0.85, 0.19)
(-0.85, 0.17)
(-0.85, 0.14)
(-0.85, 0.11)
(-0.85, 0.08)
(-0.85, 0.06)
(-0.85, 0.03)
(-0.85, 0.01)
(-0.85, -0.02)
(-0.85, -0.05)
(-0.85, -0.08)
(-0.85, -0.1)
(-0.85, -0.13)
(-0.85, -0.15)
(-0.85, -0.18)
(-0.85, -0.21)
(-0.85, -0.23)
(-0.85, -0.26)
(-0.85, -0.29)
(-0.85, -0.32)
(-0.85, -0.34)
(-0.85, -0.37)
(-0.85, -0.39)
(-0.85, -0.42)
(-0.85, -0.45)
(-0.85, -0.48)
(-0.85, -0.5)
(-0.85, -0.53)
(-0.85, -0.55)
(-0.85, -0.58)
(-0.85, -0.61)
(-0.85, -0.63)
(-0.85, -0.66)
(-0.85, -0.69)
(-0.85, -0.72)
(-0.85, -0.74)
(-0.85, -0.77)
(-0.84, -0.79)
(-0.82, -0.82)
(-0.8, -0.83)
(-0.76, -0.84)
(-0.73, -0.85)
(-0.7, -0.85)
(-0.67, -0.84)
(-0.64, -0.84)
(-0.61, -0.84)
(-0.59, -0.84)
(-0.56, -0.84)
(-0.54, -0.84)
(-0.51, -0.84)
(-0.48, -0.84)
(-0.45, -0.85)
(-0.43, -0.85)
(-0.4, -0.85)
(-0.38, -0.85)
(-0.35, -0.85)
(-0.32, -0.85)
(-0.3, -0.85)
(-0.27, -0.85)
(-0.24, -0.85)
(-0.22, -0.85)
(-0.19, -0.85)
(-0.16, -0.85)
(-0.14, -0.85)
(-0.11, -0.85)
(-0.08, -0.85)
(-0.05, -0.85)
(-0.03, -0.85)
(-0.0, -0.85)
(0.02, -0.85)
(0.05, -0.85)
(0.08, -0.85)
(0.1, -0.85)
(0.13, -0.85)
(0.15, -0.85)
(0.18, -0.84)
(0.21, -0.84)
(0.24, -0.84)
(0.26, -0.84)
(0.29, -0.84)
(0.31, -0.84)
(0.34, -0.85)
(0.37, -0.84)
(0.39, -0.84)
(0.42, -0.85)
(0.45, -0.85)
(0.47, -0.85)
(0.5, -0.85)
(0.53, -0.85)
(0.55, -0.85)
(0.58, -0.85)
(0.61, -0.85)
(0.63, -0.85)
(0.66, -0.85)
(0.69, -0.85)
(0.71, -0.85)
(0.75, -0.85)
(0.78, -0.85)
(0.79, -0.84)
(0.82, -0.82)
(0.83, -0.79)
(0.85, -0.76)
(0.85, -0.73)
(0.85, -0.69)
(0.85, -0.66)
(0.85, -0.63)
(0.85, -0.61)
(0.85, -0.58)
(0.85, -0.56)
(0.85, -0.53)
(0.85, -0.5)
(0.85, -0.48)
(0.85, -0.45)
(0.85, -0.43)
(0.85, -0.4)
(0.85, -0.37)
(0.85, -0.34)
(0.85, -0.32)
(0.85, -0.29)
(0.85, -0.27)
(0.85, -0.24)
(0.85, -0.21)
(0.85, -0.18)
(0.85, -0.16)
(0.85, -0.13)
(0.85, -0.11)
(0.85, -0.08)
(0.84, -0.05)
(0.84, -0.03)
(0.84, 0.0)
(0.85, 0.02)
(0.84, 0.06)
(0.84, 0.08)
(0.84, 0.11)
(0.84, 0.13)
(0.84, 0.16)
(0.84, 0.19)
(0.84, 0.21)
(0.84, 0.24)
(0.84, 0.26)
(0.85, 0.29)
(0.84, 0.32)
(0.84, 0.35)
(0.84, 0.37)
(0.85, 0.4)
(0.85, 0.42)
(0.85, 0.45)
(0.85, 0.48)
(0.85, 0.51)
(0.85, 0.53)
(0.85, 0.56)
(0.85, 0.58)
(0.85, 0.61)
(0.85, 0.64)
(0.85, 0.66)
(0.85, 0.69)
(0.85, 0.71)
(0.85, 0.75)
(0.84, 0.78)
(0.84, 0.8)
(0.82, 0.82)
(0.79, 0.84)
(0.76, 0.84)
(0.72, 0.85)
(0.69, 0.84)
(0.66, 0.84)
(0.63, 0.84)
(0.61, 0.84)
(0.58, 0.84)
(0.56, 0.84)
(0.52, 0.84)
(0.5, 0.84)
(0.47, 0.84)
(0.45, 0.84)
(0.42, 0.84)
(0.39, 0.84)
(0.36, 0.84)
(0.34, 0.84)
(0.31, 0.84)
(0.29, 0.84)
(0.26, 0.84)
(0.23, 0.84)
(0.21, 0.84)
(0.18, 0.84)
(0.16, 0.84)
(0.13, 0.84)
(0.1, 0.84)
(0.07, 0.84)
(0.05, 0.84)
(0.02, 0.84)
(-0.01, 0.84)
(-0.04, 0.84)
(-0.06, 0.84)
(-0.09, 0.84)
(-0.11, 0.84)
(-0.14, 0.84)
(-0.17, 0.84)
(-0.19, 0.84)
(-0.22, 0.84)
(-0.24, 0.84)
(-0.27, 0.84)
(-0.3, 0.84)
(-0.33, 0.84)
(-0.35, 0.84)
(-0.38, 0.84)
(-0.41, 0.84)
(-0.43, 0.84)
(-0.46, 0.84)
(-0.49, 0.84)
(-0.51, 0.84)
(-0.54, 0.84)
(-0.57, 0.84)
(-0.59, 0.84)
(-0.62, 0.84)
(-0.64, 0.84)
(-0.67, 0.84)
(-0.7, 0.84)
(-0.73, 0.84)
(-0.76, 0.84)
(-0.78, 0.84)
(-0.8, 0.82)
(-0.83, 0.8)
(-0.83, 0.78)
(-0.83, 0.75)
(-0.83, 0.7)
(-0.83, 0.68)
(-0.83, 0.65)
(-0.84, 0.62)
(-0.84, 0.59)
(-0.84, 0.57)
(-0.84, 0.54)
(-0.84, 0.52)
(-0.84, 0.49)
(-0.84, 0.46)
(-0.84, 0.43)
(-0.84, 0.41)
(-0.84, 0.38)
(-0.84, 0.35)
(-0.84, 0.33)
(-0.85, 0.3)
(-0.85, 0.28)
(-0.85, 0.25)
(-0.85, 0.22)
(-0.85, 0.19)
(-0.85, 0.17)
(-0.85, 0.14)
(-0.85, 0.12)
(-0.85, 0.09)
(-0.85, 0.06)
(-0.85, 0.03)
(-0.85, 0.01)
(-0.85, -0.01)
(-0.85, -0.04)
(-0.85, -0.07)
(-0.85, -0.1)
(-0.85, -0.12)
(-0.84, -0.15)
(-0.84, -0.17)
(-0.84, -0.2)
(-0.84, -0.23)
(-0.84, -0.26)
(-0.84, -0.28)
(-0.84, -0.31)
(-0.84, -0.33)
(-0.85, -0.36)
(-0.85, -0.39)
(-0.85, -0.41)
(-0.85, -0.44)
(-0.85, -0.46)
(-0.85, -0.5)
(-0.85, -0.52)
(-0.85, -0.55)
(-0.85, -0.57)
(-0.85, -0.6)
(-0.85, -0.63)
(-0.85, -0.66)
(-0.85, -0.68)
(-0.85, -0.71)
(-0.85, -0.73)
(-0.85, -0.76)
(-0.84, -0.79)
(-0.83, -0.81)
(-0.81, -0.83)
(-0.79, -0.83)
(-0.76, -0.83)
(-0.72, -0.83)
(-0.68, -0.83)
(-0.66, -0.83)
(-0.63, -0.84)
(-0.6, -0.84)
(-0.57, -0.84)
(-0.55, -0.84)
(-0.52, -0.84)
(-0.5, -0.84)
(-0.47, -0.84)
(-0.44, -0.84)
(-0.42, -0.84)
(-0.39, -0.84)
(-0.36, -0.84)
(-0.33, -0.84)
(-0.31, -0.84)
(-0.28, -0.84)
(-0.26, -0.84)
(-0.23, -0.84)
(-0.2, -0.84)
(-0.17, -0.84)
(-0.15, -0.84)
(-0.13, -0.84)
(-0.1, -0.84)
(-0.07, -0.84)
(-0.04, -0.84)
(-0.02, -0.84)
(0.01, -0.84)
(0.03, -0.84)
(0.06, -0.85)
(0.09, -0.84)
(0.12, -0.85)
(0.14, -0.85)
(0.17, -0.85)
(0.19, -0.85)
(0.22, -0.85)
(0.25, -0.85)
(0.27, -0.85)
(0.3, -0.85)
(0.32, -0.85)
(0.35, -0.85)
(0.38, -0.85)
(0.41, -0.85)
(0.43, -0.85)
(0.46, -0.85)
(0.49, -0.85)
(0.51, -0.85)
(0.54, -0.85)
(0.57, -0.85)
(0.59, -0.85)
(0.62, -0.84)
(0.65, -0.84)
(0.67, -0.84)
(0.7, -0.84)
(0.72, -0.85)
(0.76, -0.84)
(0.78, -0.84)
(0.81, -0.82)
(0.83, -0.8)
(0.84, -0.78)
(0.83, -0.75)
(0.84, -0.71)
(0.84, -0.68)
(0.84, -0.65)
(0.84, -0.63)
(0.84, -0.6)
(0.84, -0.57)
(0.84, -0.55)
(0.84, -0.52)
(0.84, -0.5)
(0.84, -0.47)
(0.84, -0.44)
(0.84, -0.41)
(0.84, -0.39)
(0.84, -0.36)
(0.84, -0.34)
(0.84, -0.31)
(0.84, -0.28)
(0.84, -0.26)
(0.84, -0.23)
(0.84, -0.2)
(0.84, -0.17)
(0.84, -0.15)
(0.84, -0.12)
(0.85, -0.1)
(0.85, -0.07)
(0.85, -0.04)
(0.85, -0.01)
(0.85, 0.01)
(0.85, 0.04)
(0.85, 0.06)
(0.85, 0.09)
(0.85, 0.12)
(0.85, 0.14)
(0.85, 0.17)
(0.85, 0.2)
(0.85, 0.23)
(0.85, 0.25)
(0.85, 0.28)
(0.85, 0.3)
(0.85, 0.33)
(0.85, 0.36)
(0.85, 0.39)
(0.85, 0.41)
(0.85, 0.44)
(0.85, 0.46)
(0.85, 0.49)
(0.85, 0.52)
(0.85, 0.54)
(0.85, 0.57)
(0.85, 0.59)
(0.85, 0.63)
(0.85, 0.65)
(0.85, 0.68)
(0.85, 0.7)
(0.85, 0.73)
(0.85, 0.76)
(0.84, 0.79)
(0.83, 0.81)
(0.8, 0.83)
(0.79, 0.83)
(0.76, 0.83)
(0.72, 0.84)
(0.69, 0.84)
(0.66, 0.84)
(0.64, 0.84)
(0.61, 0.84)
(0.58, 0.84)
(0.55, 0.84)
(0.53, 0.84)
(0.5, 0.85)
(0.48, 0.85)
(0.45, 0.85)
(0.42, 0.85)
(0.4, 0.85)
(0.37, 0.85)
(0.35, 0.85)
(0.32, 0.85)
(0.29, 0.85)
(0.26, 0.85)
(0.24, 0.85)
(0.21, 0.85)
(0.19, 0.85)
(0.16, 0.85)
(0.13, 0.85)
(0.1, 0.85)
(0.08, 0.85)
(0.05, 0.85)
(0.02, 0.85)
(0.0, 0.85)
(-0.03, 0.85)
(-0.05, 0.85)
(-0.08, 0.85)
(-0.11, 0.85)
(-0.14, 0.85)
(-0.16, 0.84)
(-0.19, 0.84)
(-0.21, 0.84)
(-0.24, 0.84)
(-0.27, 0.84)
(-0.3, 0.84)
(-0.32, 0.84)
(-0.34, 0.84)
(-0.37, 0.84)
(-0.4, 0.85)
(-0.43, 0.84)
(-0.45, 0.85)
(-0.48, 0.85)
(-0.5, 0.85)
(-0.53, 0.85)
(-0.56, 0.85)
(-0.59, 0.85)
(-0.61, 0.85)
(-0.64, 0.85)
(-0.66, 0.85)
(-0.69, 0.85)
(-0.72, 0.85)
(-0.74, 0.85)
(-0.78, 0.85)
(-0.79, 0.84)
(-0.82, 0.81)
(-0.83, 0.79)
(-0.84, 0.75)
(-0.84, 0.72)
(-0.84, 0.68)
(-0.84, 0.66)
(-0.84, 0.63)
(-0.84, 0.61)
(-0.84, 0.58)
(-0.84, 0.55)
(-0.84, 0.53)
(-0.84, 0.5)
(-0.84, 0.48)
(-0.84, 0.45)
(-0.84, 0.42)
(-0.84, 0.39)
(-0.84, 0.37)
(-0.84, 0.34)
(-0.84, 0.32)
(-0.84, 0.29)
(-0.84, 0.26)
(-0.84, 0.23)
(-0.84, 0.21)
(-0.84, 0.18)
(-0.84, 0.16)
(-0.84, 0.13)
(-0.85, 0.1)
(-0.85, 0.08)
(-0.85, 0.05)
(-0.84, 0.02)
(-0.85, -0.0)
(-0.85, -0.03)
(-0.85, -0.06)
(-0.85, -0.08)
(-0.85, -0.11)
(-0.85, -0.14)
(-0.85, -0.16)
(-0.85, -0.19)
(-0.85, -0.21)
(-0.85, -0.24)
(-0.85, -0.27)
(-0.85, -0.3)
(-0.85, -0.32)
(-0.85, -0.35)
(-0.85, -0.37)
(-0.85, -0.4)
(-0.85, -0.43)
(-0.85, -0.46)
(-0.85, -0.48)
(-0.85, -0.51)
(-0.84, -0.53)
(-0.84, -0.56)
(-0.84, -0.59)
(-0.84, -0.61)
(-0.84, -0.64)
(-0.84, -0.66)
(-0.84, -0.69)
(-0.84, -0.72)
(-0.84, -0.75)
(-0.84, -0.78)
(-0.84, -0.8)
(-0.81, -0.82)
(-0.79, -0.83)
(-0.77, -0.83)
(-0.72, -0.83)
(-0.69, -0.83)
(-0.67, -0.84)
(-0.64, -0.84)
(-0.61, -0.84)
(-0.58, -0.84)
(-0.56, -0.84)
(-0.53, -0.84)
(-0.51, -0.84)
(-0.47, -0.84)
(-0.45, -0.84)
(-0.42, -0.84)
(-0.4, -0.84)
(-0.37, -0.84)
(-0.34, -0.84)
(-0.32, -0.84)
(-0.29, -0.84)
(-0.27, -0.84)
(-0.24, -0.84)
(-0.21, -0.84)
(-0.18, -0.84)
(-0.16, -0.84)
(-0.13, -0.84)
(-0.11, -0.84)
(-0.08, -0.84)
(-0.05, -0.84)
(-0.02, -0.84)
(0.0, -0.84)
(0.03, -0.84)
(0.06, -0.84)
(0.08, -0.84)
(0.11, -0.84)
(0.13, -0.84)
(0.16, -0.84)
(0.19, -0.84)
(0.22, -0.84)
(0.24, -0.84)
(0.27, -0.84)
(0.29, -0.84)
(0.32, -0.84)
(0.35, -0.84)
(0.38, -0.84)
(0.4, -0.84)
(0.43, -0.84)
(0.46, -0.84)
(0.48, -0.84)
(0.51, -0.84)
(0.53, -0.84)
(0.56, -0.84)
(0.59, -0.84)
(0.62, -0.84)
(0.64, -0.84)
(0.67, -0.84)
(0.69, -0.84)
(0.72, -0.84)
(0.75, -0.84)
(0.78, -0.84)
(0.8, -0.83)
(0.82, -0.8)
(0.84, -0.78)
(0.84, -0.75)
(0.84, -0.71)
(0.84, -0.68)
(0.85, -0.65)
(0.85, -0.63)
(0.85, -0.6)
(0.85, -0.57)
(0.85, -0.54)
(0.85, -0.52)
(0.85, -0.49)
(0.85, -0.47)
(0.85, -0.44)
(0.85, -0.41)
(0.85, -0.39)
(0.85, -0.36)
(0.85, -0.34)
(0.85, -0.31)
(0.85, -0.28)
(0.85, -0.25)
(0.85, -0.23)
(0.85, -0.2)
(0.85, -0.18)
(0.85, -0.15)
(0.85, -0.12)
(0.85, -0.09)
(0.85, -0.07)
(0.85, -0.04)
(0.85, -0.02)
(0.85, 0.01)
(0.84, 0.04)
(0.84, 0.06)
(0.84, 0.09)
(0.84, 0.12)
(0.84, 0.15)
(0.84, 0.17)
(0.84, 0.2)
(0.84, 0.22)
(0.85, 0.25)
(0.85, 0.28)
(0.84, 0.31)
(0.84, 0.33)
(0.85, 0.35)
(0.85, 0.38)
(0.85, 0.41)
(0.85, 0.44)
(0.85, 0.46)
(0.85, 0.49)
(0.85, 0.51)
(0.85, 0.54)
(0.85, 0.57)
(0.85, 0.6)
(0.85, 0.62)
(0.85, 0.65)
(0.85, 0.67)
(0.85, 0.7)
(0.85, 0.73)
(0.85, 0.76)
(0.84, 0.78)
(0.83, 0.8)
(0.81, 0.83)
(0.8, 0.83)
(0.76, 0.83)
(0.73, 0.84)
(0.69, 0.84)
(0.67, 0.84)
(0.64, 0.84)
(0.61, 0.84)
(0.58, 0.84)
(0.56, 0.84)
(0.54, 0.84)
(0.51, 0.84)
(0.48, 0.84)
(0.45, 0.84)
(0.43, 0.84)
(0.4, 0.84)
(0.37, 0.84)
(0.35, 0.84)
(0.32, 0.84)
(0.29, 0.84)
(0.27, 0.84)
(0.24, 0.84)
(0.21, 0.84)
(0.19, 0.84)
(0.16, 0.84)
(0.14, 0.84)
(0.11, 0.84)
(0.08, 0.84)
(0.05, 0.84)
(0.03, 0.84)
(0.0, 0.84)
(-0.02, 0.84)
(-0.05, 0.84)
(-0.08, 0.84)
(-0.11, 0.85)
(-0.13, 0.85)
(-0.16, 0.85)
(-0.18, 0.85)
(-0.21, 0.85)
(-0.24, 0.85)
(-0.26, 0.85)
(-0.29, 0.85)
(-0.31, 0.85)
(-0.34, 0.85)
(-0.37, 0.85)
(-0.4, 0.85)
(-0.42, 0.85)
(-0.45, 0.85)
(-0.47, 0.85)
(-0.5, 0.85)
(-0.53, 0.85)
(-0.55, 0.85)
(-0.58, 0.85)
(-0.6, 0.85)
(-0.64, 0.85)
(-0.66, 0.85)
(-0.69, 0.85)
(-0.71, 0.85)
(-0.75, 0.84)
(-0.78, 0.84)
(-0.8, 0.83)
(-0.82, 0.81)
(-0.83, 0.79)
(-0.84, 0.76)
(-0.84, 0.72)
(-0.84, 0.69)
(-0.84, 0.67)
(-0.84, 0.64)
(-0.84, 0.61)
(-0.84, 0.58)
(-0.84, 0.56)
(-0.84, 0.53)
(-0.84, 0.5)
(-0.84, 0.47)
(-0.84, 0.45)
(-0.84, 0.42)
(-0.84, 0.4)
(-0.84, 0.37)
(-0.84, 0.34)
(-0.84, 0.32)
(-0.84, 0.29)
(-0.84, 0.26)
(-0.84, 0.24)
(-0.84, 0.21)
(-0.84, 0.18)
(-0.84, 0.16)
(-0.84, 0.13)
(-0.84, 0.1)
(-0.84, 0.07)
(-0.84, 0.05)
(-0.84, 0.02)
(-0.84, -0.0)
(-0.84, -0.03)
(-0.84, -0.06)
(-0.84, -0.08)
(-0.84, -0.11)
(-0.84, -0.13)
(-0.84, -0.16)
(-0.84, -0.19)
(-0.84, -0.22)
(-0.84, -0.24)
(-0.84, -0.27)
(-0.84, -0.3)
(-0.84, -0.33)
(-0.84, -0.35)
(-0.84, -0.38)
(-0.84, -0.4)
(-0.84, -0.43)
(-0.84, -0.46)
(-0.84, -0.48)
(-0.84, -0.51)
(-0.84, -0.53)
(-0.84, -0.56)
(-0.84, -0.59)
(-0.84, -0.62)
(-0.84, -0.64)
(-0.84, -0.67)
(-0.84, -0.69)
(-0.84, -0.72)
(-0.84, -0.75)
(-0.84, -0.78)
(-0.83, -0.8)
(-0.81, -0.82)
(-0.78, -0.83)
(-0.75, -0.84)
(-0.71, -0.84)
(-0.68, -0.84)
(-0.65, -0.84)
(-0.63, -0.84)
(-0.6, -0.84)
(-0.57, -0.84)
(-0.54, -0.84)
(-0.52, -0.84)
(-0.49, -0.84)
(-0.47, -0.84)
(-0.44, -0.84)
(-0.41, -0.84)
(-0.39, -0.84)
(-0.36, -0.84)
(-0.33, -0.84)
(-0.31, -0.84)
(-0.28, -0.84)
(-0.25, -0.84)
(-0.23, -0.84)
(-0.2, -0.84)
(-0.17, -0.84)
(-0.15, -0.84)
(-0.12, -0.84)
(-0.09, -0.84)
(-0.07, -0.84)
(-0.04, -0.85)
(-0.01, -0.84)
(0.01, -0.84)
(0.04, -0.84)
(0.06, -0.84)
(0.09, -0.85)
(0.12, -0.85)
(0.15, -0.85)
(0.17, -0.85)
(0.2, -0.85)
(0.22, -0.85)
(0.25, -0.85)
(0.28, -0.85)
(0.3, -0.85)
(0.33, -0.85)
(0.35, -0.85)
(0.38, -0.85)
(0.41, -0.85)
(0.44, -0.85)
(0.46, -0.85)
(0.49, -0.85)
(0.52, -0.85)
(0.54, -0.85)
(0.57, -0.85)
(0.6, -0.85)
(0.62, -0.85)
(0.65, -0.85)
(0.68, -0.85)
(0.7, -0.85)
(0.73, -0.85)
(0.76, -0.85)
(0.79, -0.84)
(0.81, -0.83)
(0.83, -0.8)
(0.84, -0.78)
(0.84, -0.74)
(0.84, -0.7)
(0.84, -0.67)
(0.84, -0.65)
(0.84, -0.62)
(0.84, -0.59)
(0.84, -0.57)
(0.84, -0.54)
(0.84, -0.52)
(0.85, -0.49)
(0.85, -0.46)
(0.84, -0.43)
(0.84, -0.41)
(0.84, -0.38)
(0.84, -0.35)
(0.84, -0.33)
(0.84, -0.3)
(0.84, -0.27)
(0.84, -0.25)
(0.84, -0.22)
(0.84, -0.2)
(0.84, -0.17)
(0.84, -0.14)
(0.84, -0.12)
(0.84, -0.09)
(0.85, -0.07)
(0.85, -0.03)
(0.84, -0.01)
(0.84, 0.02)
(0.84, 0.04)
(0.85, 0.07)
(0.85, 0.1)
(0.85, 0.13)
(0.85, 0.15)
(0.85, 0.17)
(0.85, 0.2)
(0.85, 0.23)
(0.85, 0.26)
(0.85, 0.28)
(0.85, 0.31)
(0.85, 0.33)
(0.85, 0.36)
(0.85, 0.39)
(0.85, 0.42)
(0.85, 0.44)
(0.85, 0.47)
(0.85, 0.5)
(0.85, 0.52)
(0.84, 0.55)
(0.84, 0.57)
(0.84, 0.6)
(0.84, 0.62)
(0.84, 0.65)
(0.84, 0.68)
(0.84, 0.71)
(0.84, 0.73)
(0.84, 0.77)
(0.84, 0.79)
(0.82, 0.81)
(0.8, 0.83)
(0.78, 0.83)
(0.75, 0.83)
(0.72, 0.83)
(0.68, 0.83)
(0.66, 0.84)
(0.63, 0.84)
(0.61, 0.84)
(0.58, 0.84)
(0.55, 0.84)
(0.52, 0.84)
(0.5, 0.84)
(0.47, 0.84)
(0.44, 0.84)
(0.42, 0.84)
(0.39, 0.84)
(0.36, 0.84)
(0.34, 0.84)
(0.31, 0.84)
(0.28, 0.84)
(0.26, 0.84)
(0.23, 0.85)
(0.21, 0.85)
(0.18, 0.85)
(0.15, 0.85)
(0.12, 0.85)
(0.1, 0.85)
(0.07, 0.85)
(0.04, 0.85)
(0.01, 0.85)
(0, 0)
