

0.30943340616967363
1.134588184556104
1.7697675298605458
0.5238705733109741
0.7690031875769673
0.3099241672096078

0.3084871536809765
1.1225077933865348
1.76007408274599
0.5254312522950505
0.7758388242447617
0.30991336011781023

0.3102334698597219
1.1329294072058884
1.762005461994565
0.5251324350199261
0.7668885371657969
0.30945357302230414

0.3094906215081552
1.1257347609004256
1.7506112120767445
0.5233177098056421
0.7733262442501286
0.3109677615437699

0.30932460394742345
1.1348421074586255
1.7591285378452912
0.5263142807871717
0.7759358880370124
0.3124979160964847

0.3079693055110142
1.1215584012107969
1.767331740105161
0.5164259015002256
0.7717161828374463
0.30904237479941477

0.3101562493794013
1.1239583123157042
1.762183590003747
0.5237268815785255
0.7744436208520675
0.30966588064642264

0.30939207254987927
1.132861590047858
1.750396324130342
0.5265902496614587
0.7694565980619167
0.3102692268453508

0.3093951864019828
1.135037143950305
1.7591208963264042
0.5270736450579886
0.7786640273460418
0.3104332469835587

0.3123814794370194
1.1329113699406557
1.7610863863443003
0.5210380961323234
0.7702866251349426
0.3065092105264945