63.741600000000005
21.93329999999999
-80.79560000000006
87.8264
-90.40840000000006
87.7639
74.8527
87.6402
-8.056799999999981
72.9876
87.7027
-16.364000000000004
88.1055
87.5778
87.9819
74.5736
60.448600000000006
22.587400000000017
72.0847
75.38329999999999
39.542899999999996
69.1611
56.093
85.0569
87.8889
72.582
69.0986
73.6404
87.8583
57.1833
87.8888
87.1111
87.9194
87.2041
55.595800000000004
34.22229999999999
88.0125
88.0444
87.7639
87.7013
87.9819
70.6223
87.95
87.9514
7.559699999999978
87.7958
87.5153
88.0444
86.1152
87.7958
-52.26680000000002
87.8889
87.8889
87.9513
87.7333
87.6403
37.5194
55.782000000000004
88.1069
70.8708
28.093000000000004
87.7957
44.3333
48.2846
87.9819
67.3556
87.7028
87.8583
87.7028
5.879199999999983
87.9819
-19.72499999999998
74.6361
87.8583
87.8889
87.9514
88.0125
87.8569
87.9834
10.0805
75.9735
87.982
70.311
87.7639
-14.497400000000013
23.36399999999999
38.63869999999999
26.320800000000006
42.43470000000001
49.405499999999996
87.8278
87.9514
55.56379999999999
87.9195
87.7639
65.1167
60.169399999999996
87.9194
87.5153
87.8263
88.0764
88.0445
41.9069
88.075
87.8264
87.8583
87.7945
64.1819
75.911
87.7959
88.0125
44.7998
87.8264
55.0666
87.8264
87.8888
73.4527
48.3778
70.6221
-3.858400000000003
56.092999999999996
84.2486
86.3014
87.9194
59.60829999999999
68.6931
54.5055
55.4388
50.8667
35.2791
69.1292
19.101299999999995
69.0667
68.507
70.2182
63.8724
-416.764
-50.83620000000002
37.9251
42.5292
68.9111
19.070899999999995
-82.19430000000003
14.870799999999988
1.492999999999995
34.65860000000001
69.2847
26.7556
50.21249999999999
-11.759799999999998
68.943
68.8806
37.2403
66.4848
67.82220000000001
53.511
56.5902
68.7555
76.3459
-19.600099999999998
65.9555
25.791700000000006
35.18599999999999
53.4793
36.08899999999999
-3.2667000000000286
65.2404
16.02199999999999
21.74579999999999
69.09870000000001
46.5736
69.2223
67.5737
68.0709
68.63210000000001
68.6625
42.8083
68.75569999999999
0.6847999999999956
44.4584
69.0042
33.4764
76.37780000000001
67.8834
68.475
68.8181
48.2846
68.5695
69.6263
-18.480599999999995
61.382
69.0042
-4.479200000000006
69.7209
68.6945
56.933400000000006
68.5681
29.6485
69.3779
67.7278
69.2834
64.8973
45.6707
69.3152
55.5029
69.0985
76.56530000000001
69.2541
24.7029
65.36529999999999
74.9472
64.64869999999999
66.8889
68.7251
76.6583
35.561099999999996
73.7653
47.6
48.782
33.25699999999999
67.418
54.8181
-59.67099999999999
-158.54309999999992
37.830400000000004
53.1999
32.543199999999985
69.2223
16.333399999999997
64.0278
56.559599999999996
67.82220000000001
-30.831899999999962
45.9833
42.187599999999996
76.68889999999999
66.2986
69.09870000000001
76.65690000000001
63.7778
63.498599999999996
55.0972
54.6307
34.31519999999999
67.5736
76.6584
52.765299999999996
68.8485
67.60560000000001
54.7238
87.6708
85.7111
87.7958
87.7958
88.075
-28.093199999999996
87.8569
87.9194
87.6403
55.066599999999994
-8.959699999999998
40.5696
87.9514
87.7027
63.466699999999996
87.8583
85.0889
13.720699999999994
87.9194
58.3012
87.6402
34.284800000000004
32.10690000000001
87.7653
80.2666
87.7958
87.8583
87.9194
45.3595
50.8041
78.8666
87.9194
87.7958
12.195700000000002
87.7333
58.3028
25.137200000000007
87.7958
87.5778
87.7958
87.6403
87.7333
55.875099999999996
87.7333
87.7333
35.0626
72.4888
73.1417
81.168
87.9513
88.2306
83.3152
83.84440000000001
87.9833
85.5236
87.7333
86.3638
87.8264
87.95
87.7333
81.88329999999999
86.8625
48.9373
85.02629999999999
9.613900000000001
31.234599999999986
85.8972
41.004099999999994
72.45830000000001
77.7471
87.6403
81.1056
87.9513
67.7291
87.8888
87.8278
87.8263
87.7652
87.0486
87.6097
4.85260000000001
65.5513
87.7333
73.7652
65.67490000000001
87.7958
87.7639
6.812399999999997
81.0124
87.8583
87.5472
-79.51939999999999
61.849999999999994
87.8264
87.7014
84.6528
64.08879999999999
77.2499
80.9514
87.8263
87.8263
87.7958
85.2444
87.7333
69.9999
87.6708
47.0402
87.7333
87.7944
87.6708
86.7069
87.6708
87.7638
80.8264
71.8041
87.8888
87.7652
-32.13900000000001
0.15569999999999595
85.4625
80.8583
80.9514
72.1154
86.2708
88.0139
73.1736
37.830600000000004
-38.454199999999986
79.5818
76.2221
-17.639099999999985
55.7195
75.9736
76.0361
76.2847
76.0986
57.3057
86.1471
32.8224
43.9597
76.0667
84.0305
76.0667
57.5249
83.37780000000001
75.8793
87.7332
8.836200000000005
87.3291
87.2667
80.9514
-29.214
81.2625
23.302699999999987
76.31530000000001
51.5515
57.5861
44.177899999999994
76.1291
65.861
75.8486
51.1458
49.0929
71.8987
74.7597
76.0972
76.2222
44.489
76.1918
50.2444
76.1277
64.4931
51.581900000000005
63.0
42.06239999999999
33.5068
66.0486
51.0847
39.947199999999995
81.5111
81.2319
39.107
63.062599999999996
20.656699999999987
38.763799999999996
87.91929999999999
76.1902
37.551199999999994
87.7028
88.3861
69.50280000000001
8.961299999999994
94.6083
85.1499
88.1695
59.702799999999996
86.4583
33.070800000000006
87.6722
43.7416
88.418
88.4486
41.969500000000004
85.8346
87.3292
74.0749
76.0361
70.4346
73.6403
78.7431
52.8889
81.761
74.82220000000001
83.0986
75.0722
48.409800000000004
84.74719999999999
52.36109999999999
46.88459999999999
83.5333
26.505599999999987
85.5556
54.941599999999994
83.1596
86.6763
86.6444
37.3026
56.218
29.461
84.2499
58.98609999999999
45.2347
88.2
75.4444
75.7557
51.925
86.8
35.5903
83.7514
84.0
83.5332
54.2583
-84.52929999999998
62.4097
79.45830000000001
88.1681
78.8056
83.8124
81.6971
77.5292
