88.8
14.780000000000001
41.67
157.92000000000002
218.61999999999995
159.94000000000005
45.25
24.639999999999986
21.279999999999973
157.92000000000007
15.0
24.199999999999932
26.430000000000064
98.55999999999995
33.15000000000009
48.76999999999998
90.55999999999995
14.559999999999945
41.440000000000055
18.809999999999945
51.24000000000001
89.21000000000004
14.559999999999945
42.789999999999964
18.590000000000146
50.32999999999993
88.54999999999995
15.230000000000018
23.970000000000027
48.319999999999936
89.44000000000005
161.5
18.589999999999918
51.460000000000036
89.44000000000005
158.13999999999987
18.370000000000346
52.34999999999991
89.88999999999987
15.230000000000018
24.199999999999818
51.23000000000002
90.7800000000002
161.73000000000002
18.820000000000164
50.32999999999993
90.55999999999995
14.789999999999964
23.519999999999982
48.98999999999978
90.11000000000013
14.559999999999945
23.970000000000255
51.679999999999836
88.32000000000016
15.230000000000018
24.419999999999618
49.66000000000031
90.55999999999995
15.009999999999764
24.190000000000055
49.440000000000055
90.7800000000002
14.789999999999964
23.73999999999978
50.789999999999964
89.66000000000031
159.03999999999996
18.58999999999969
49.89000000000033
88.53999999999996
15.460000000000036
23.970000000000255
18.139999999999418
33.150000000000546
17.479999999999563
201.60000000000036
14.55999999999949
23.960000000000036
52.13000000000011
88.55000000000018
15.899999999999636
23.970000000000255
49.89000000000033
88.09000000000015
157.69999999999982
19.039999999999964
52.56999999999971
90.34000000000015
14.779999999999745
44.13000000000011
18.81999999999971
50.780000000000655
88.98999999999978
15.010000000000218
23.969999999999345
50.780000000000655
88.09999999999945
15.010000000000218
43.899999999999636
159.4900000000007
15.009999999999309
24.19000000000051
51.01000000000022
90.77999999999975
14.55999999999949
24.19000000000051
47.43000000000029
90.55999999999949
15.010000000000218
23.73999999999978
53.69999999999982
90.5600000000004
15.229999999999563
23.970000000000255
46.590000000000146
45.25
15.449999999999818
202.27000000000044
14.789999999999964
23.969999999999345
51.45000000000073
88.54999999999927
15.230000000000473
43.22999999999956
154.78000000000065
14.789999999999964
42.10999999999967
18.36999999999989
50.5600000000004
90.55999999999949
15.680000000000291
23.520000000000437
49.4399999999996
90.5600000000004
14.55999999999949
24.19000000000051
31.80999999999949
155.6800000000003
15.010000000000218
23.959999999999127
51.910000000000764
89.21000000000004
14.789999999999964
24.409999999999854
51.909999999999854
88.98999999999978
14.779999999999745
24.200000000000728
50.10999999999967
90.33000000000084
15.239999999999782
23.959999999999127
51.909999999999854
89.65999999999985
14.790000000000873
24.409999999999854
50.789999999999054
89.66000000000167
15.0099999999984
23.970000000001164
78.32999999999993
88.77000000000044
15.0099999999984
23.970000000001164
21.279999999998836
155.6800000000003
14.780000000000655
24.420000000000073
22.61999999999898
159.04000000000087
15.459999999999127
24.410000000001673
88.63999999999942
89.67000000000007
15.0
23.520000000000437
50.11999999999898
88.76000000000022
15.459999999999127
23.970000000001164
75.48999999999978
178.29999999999927
14.780000000000655
23.969999999999345
49.89000000000124
88.98999999999978
15.459999999999127
43.68000000000029
19.26000000000022
22.850000000000364
16.579999999999927
215.26000000000022
14.779999999998836
23.970000000001164
51.22999999999956
88.10000000000036
159.48999999999978
18.590000000000146
50.779999999998836
91.2400000000016
160.82999999999993
18.139999999999418
51.45999999999913
89.44000000000051
160.38000000000102
18.81999999999971
51.22999999999956
88.10000000000036
15.229999999999563
23.969999999999345
51.45000000000073
90.34000000000015
14.780000000000655
24.18999999999869
50.340000000000146
88.31999999999971
14.780000000000655
23.969999999999345
51.23000000000138
87.64999999999964
14.789999999999054
23.73999999999978
21.06000000000131
159.03999999999905
15.680000000000291
44.56999999999971
18.3700000000008
53.69999999999891
88.98999999999978
15.010000000000218
24.409999999999854
58.400000000001455
89.88999999999942
14.55999999999949
24.19000000000051
52.350000000000364
90.78999999999905
15.010000000000218
23.960000000000946
51.45999999999913
89.21999999999935
15.0
24.420000000000073
50.340000000000146
90.32999999999993
15.010000000000218
23.970000000001164
52.349999999998545
90.11000000000058
14.55999999999949
23.75
50.56000000000131
88.09000000000015
164.86999999999898
17.920000000000073
50.55999999999949
88.32000000000153
15.0
23.969999999999345
49.88999999999942
88.10000000000036
15.450000000000728
23.969999999999345
49.659999999999854
89.88999999999942
14.790000000000873
42.780000000000655
158.8199999999997
192.1899999999987
15.010000000000218
24.409999999999854
19.710000000000946
156.36000000000058
15.229999999999563
43.44999999999891
18.600000000000364
51.899999999999636
87.8700000000008
15.010000000000218
24.19000000000051
28.670000000000073
160.83999999999833
14.780000000000655
23.969999999999345
48.54000000000087
87.8700000000008
15.0099999999984
23.75
54.590000000000146
88.31999999999971
15.230000000001382
23.969999999999345
53.469999999999345
89.66000000000167
15.239999999999782
23.73999999999978
52.1299999999992
90.32999999999993
15.239999999999782
23.520000000000437
34.719999999999345
16.570000000001528
202.26999999999862
15.909999999999854
23.970000000001164
53.68999999999869
88.54999999999927
15.450000000000728
23.970000000001164
50.56000000000131
87.86999999999898
15.459999999999127
23.970000000001164
51.0
88.09999999999854
14.780000000002474
24.19999999999709
49.659999999999854
90.56000000000131
159.2599999999984
18.820000000003347
51.89999999999782
89.88999999999942
14.790000000000873
23.959999999999127
50.56000000000131
88.31999999999971
15.0099999999984
23.75
53.02000000000044
90.11000000000058
14.56000000000131
23.969999999997526
49.890000000003056
90.10999999999694
14.56000000000131
44.13000000000102
18.590000000000146
50.779999999998836
88.10000000000218
14.559999999997672
23.970000000001164
50.11000000000058
89.43999999999869
14.56000000000131
23.969999999997526
52.56999999999971
87.88000000000102
15.0
23.970000000001164
48.099999999998545
89.65999999999985
14.56000000000131
23.970000000001164
50.779999999998836
87.88000000000102
15.0
43.68000000000029
161.72999999999956
15.0099999999984
23.7400000000016
134.34000000000015
88.09999999999854
14.779999999998836
23.7400000000016
48.31999999999971
89.66999999999825
15.450000000000728
23.75
47.87000000000262
89.21999999999753
15.229999999999563
24.19000000000233
53.919999999998254
90.34000000000015
14.779999999998836
23.7400000000016
48.54999999999927
88.31999999999971
14.780000000002474
23.520000000000437
48.98999999999796
20.68000000000029
15.0
41.669999999998254
18.81000000000131
50.340000000000146
20.67000000000189
14.789999999997235
24.19000000000233
51.68000000000029
20.669999999998254
160.83000000000175
44.79999999999927
28.899999999997817
464.8000000000029
161.72999999999956
18.80999999999767
51.460000000002765
20.669999999998254
15.459999999999127
24.409999999999854
94.69000000000233
20.669999999998254
15.229999999999563
23.75
20.159999999999854
101.47000000000116
19.040000000000873
357.9500000000007
14.789999999997235
23.960000000002765
27.779999999998836
157.25
15.229999999999563
23.7400000000016
50.55999999999767
20.68000000000029
15.450000000000728
23.970000000001164
48.98999999999796
20.67000000000189
553.7299999999996
18.149999999997817
50.11000000000058
20.67000000000189
15.680000000000291
23.739999999997963
49.67000000000189
20.669999999998254
14.56000000000131
24.419999999998254
51.22999999999956
20.67000000000189
15.0099999999984
42.780000000002474
18.590000000000146
21.959999999999127
44.11999999999898
18.600000000002183
22.399999999997817
41.88000000000102
19.040000000000873
51.68000000000029
20.679999999996653
15.230000000003201
24.409999999999854
50.11999999999898
20.669999999998254
15.680000000000291
23.970000000001164
51.0
20.68000000000029
14.779999999998836
43.01000000000204
18.590000000000146
51.45999999999913
20.669999999998254
14.780000000002474
24.18999999999869
66.47000000000116
20.669999999998254
15.229999999999563
23.970000000001164
27.32999999999811
41.890000000003056
19.039999999997235
50.780000000002474
20.669999999998254
14.790000000000873
23.959999999999127
88.93000000000029
159.27000000000044
14.779999999998836
44.580000000001746
18.360000000000582
51.68000000000029
20.68000000000029
15.229999999999563
23.969999999997526
158.36000000000058
159.4900000000016
14.789999999997235
41.88000000000102
157.03000000000247
14.559999999997672
42.11000000000058
18.36999999999898
50.780000000002474
20.669999999998254
15.2400000000016
23.289999999997235
50.79000000000087
20.67000000000189
15.680000000000291
43.44999999999709
19.040000000000873
50.56000000000131
20.68000000000029
163.52000000000044
18.590000000000146
50.32999999999811
20.68000000000029
14.779999999998836
24.19000000000233
48.98999999999796
20.68000000000029
15.450000000000728
23.970000000001164
48.7699999999968
20.67000000000189
15.229999999999563
45.470000000001164
19.040000000000873
50.33999999999651
20.67000000000189
160.61000000000058
18.139999999999418
50.11999999999898
20.67000000000189
14.779999999998836
43.0099999999984
18.820000000003347
50.109999999996944
20.67000000000189
15.0099999999984
23.7400000000016
53.029999999998836
20.67000000000189
14.779999999998836
41.220000000001164
18.590000000000146
50.109999999996944
20.67000000000189
161.0600000000013
43.89999999999782
27.330000000001746
541.8600000000006
15.44999999999709
41.890000000003056
18.36999999999898
51.45999999999913
20.67000000000189
15.229999999999563
42.109999999996944
158.15000000000146
193.76000000000204
15.0
23.969999999997526
58.470000000001164
158.8100000000013
14.789999999997235
24.639999999999418
56.890000000003056
46.36999999999898
17.020000000000437
159.71999999999753
18.360000000000582
51.01000000000204
20.669999999998254
14.790000000000873
43.45000000000073
18.36999999999898
52.349999999998545
20.68000000000029
15.450000000000728
42.340000000000146
156.13000000000102
15.0
43.23999999999796
18.81000000000131
51.0099999999984
20.67000000000189
14.790000000000873
42.55999999999767
18.360000000000582
51.909999999999854
20.67000000000189
163.52000000000044
19.93999999999869
51.68000000000029
20.669999999998254
14.780000000002474
41.669999999998254
18.590000000000146
51.45000000000073
20.68000000000029
159.70999999999913
19.260000000002037
51.0099999999984
20.669999999998254
15.680000000000291
23.970000000001164
49.659999999999854
20.68000000000029
15.0
23.970000000001164
50.11000000000058
20.679999999996653
15.680000000000291
23.960000000002765
65.18999999999869
20.38000000000102
159.03999999999724
14.790000000000873
23.959999999999127
49.67000000000189
20.669999999998254
15.010000000002037
43.22999999999956
18.36999999999898
22.850000000002183
42.779999999998836
19.040000000000873
22.61999999999898
43.2400000000016
19.039999999997235
50.330000000001746
20.669999999998254
15.2400000000016
42.56000000000131
18.589999999996508
50.330000000001746
20.68000000000029
15.229999999999563
42.330000000001746
18.599999999998545
50.32999999999811
20.67000000000189
160.61000000000058
18.149999999997817
50.11000000000058
20.67000000000189
15.459999999999127
42.56000000000131
18.359999999996944
22.400000000001455
44.36000000000058
18.590000000000146
51.22999999999956
20.669999999998254
15.460000000002765
42.32999999999811
160.61000000000058
15.229999999999563
43.2400000000016
19.039999999997235
50.780000000002474
20.669999999998254
15.229999999999563
43.2400000000016
18.81000000000131
22.399999999997817
42.11000000000058
161.96000000000276
195.54999999999563
15.010000000002037
42.779999999998836
18.590000000003783
51.229999999995925
20.68000000000029
161.27999999999884
18.360000000000582
52.36000000000058
20.669999999998254
194.88000000000466
43.229999999995925
15.680000000000291
236.99000000000524
15.009999999994761
24.19000000000233
49.220000000001164
20.669999999998254
15.230000000003201
43.00999999999476
18.81999999999971
51.450000000004366
20.669999999998254
15.680000000000291
23.970000000001164
24.419999999998254
158.13999999999942
15.459999999999127
43.450000000004366
18.81999999999971
51.89999999999418
20.68000000000029
15.230000000003201
23.970000000001164
22.619999999995343
160.1600000000035
14.779999999998836
42.34000000000378
18.589999999996508
51.2300000000032
20.68000000000029
14.779999999998836
42.11000000000058
18.81999999999971
51.44999999999709
20.68000000000029
15.230000000003201
42.55999999999767
18.589999999996508
51.68000000000029
20.67000000000553
15.009999999994761
24.42000000000553
56.15999999999622
20.669999999998254
15.680000000000291
23.970000000001164
116.91999999999825
43.01000000000204
18.150000000001455
22.400000000001455
16.56999999999971
194.20999999999913
14.559999999997672
42.56000000000495
18.81999999999971
50.55999999999767
20.669999999998254
15.680000000000291
43.01000000000204
18.360000000000582
51.68000000000029
20.68000000000029
14.779999999998836
23.970000000001164
52.799999999995634
20.669999999998254
15.460000000006403
42.779999999998836
18.589999999996508
52.13000000000466
20.669999999998254
14.559999999997672
42.55999999999767
18.37000000000262
50.34000000000378
20.669999999998254
14.559999999997672
23.520000000004075
20.159999999996217
159.04000000000087
193.30999999999767
15.010000000002037
23.970000000001164
49.87999999999738
20.68000000000029
14.779999999998836
43.01000000000204
19.489999999997963
51.68000000000029
20.67000000000553
15.44999999999709
43.45999999999913
18.37000000000262
50.32999999999447
20.68000000000029
15.680000000000291
23.960000000006403
46.81999999999971
158.5899999999965
15.459999999999127
44.349999999998545
18.81999999999971
51.900000000001455
20.669999999998254
15.680000000000291
43.2300000000032
18.599999999998545
51.450000000004366
20.669999999998254
14.790000000000873
23.970000000001164
21.94999999999709
160.37999999999738
14.790000000000873
43.68000000000029
18.590000000003783
22.169999999998254
42.11999999999534
18.360000000000582
22.18000000000029
43.45999999999913
19.260000000002037
51.2300000000032
20.669999999998254
15.010000000002037
42.55999999999767
18.37000000000262
51.68000000000029
20.669999999998254
14.790000000000873
43.0
18.599999999998545
50.55999999999767
20.67000000000553
15.229999999995925
24.19000000000233
48.98999999999796
20.68000000000029
14.779999999998836
43.2300000000032
19.489999999997963
50.55999999999767
20.67000000000553
15.009999999994761
44.13000000000466
18.80999999999767
50.79000000000087
20.669999999998254
14.779999999998836
42.12000000000262
19.040000000000873
22.619999999995343
44.580000000001746
18.80999999999767
51.4600000000064
20.669999999998254
162.40000000000146
18.81999999999971
51.68000000000029
20.669999999998254
15.229999999995925
43.2300000000032
18.589999999996508
52.13000000000466
20.669999999998254
162.40000000000146
45.029999999998836
25.30999999999767
51.68000000000029
20.67000000000553
158.8199999999997
19.039999999993597
50.11000000000058
20.67000000000553
15.009999999994761
42.34000000000378
18.80999999999767
51.91000000000349
119.22999999999593
18.37000000000262
51.44999999999709
119.91000000000349
19.260000000002037
51.00999999999476
119.68000000000029
19.040000000000873
50.779999999998836
120.58000000000175
46.37000000000262
24.639999999999418
49.43999999999505
119.90000000000146
18.590000000003783
51.45999999999913
119.90000000000146
18.589999999996508
49.88999999999942
120.80000000000291
18.81999999999971
51.44999999999709
119.23999999999796
18.360000000000582
51.24000000000524
119.0
45.029999999998836
27.549999999995634
370.9400000000023
157.70000000000437
14.779999999998836
23.970000000001164
50.55999999999767
116.31999999999971
18.81999999999971
22.62000000000262
44.57999999999447
19.260000000002037
51.2300000000032
119.68000000000029
18.369999999995343
51.01000000000204
118.33999999999651
43.68000000000029
26.650000000001455
48.770000000004075
118.77999999999884
18.599999999998545
50.55999999999767
116.54000000000087
19.040000000000873
22.62000000000262
42.79000000000087
159.0399999999936
15.010000000002037
42.55999999999767
156.8000000000029
14.779999999998836
23.970000000001164
51.2300000000032
117.88999999999942
43.229999999995925
212.58000000000175
52.56999999999971
117.88999999999942
17.919999999998254
51.68000000000029
120.13000000000466
18.589999999996508
52.349999999998545
120.80000000000291
19.040000000000873
51.01000000000204
116.98999999999796
18.81999999999971
52.12999999999738
118.33000000000175
18.590000000003783
51.90999999999622
117.66000000000349
18.81999999999971
22.849999999998545
43.0
18.599999999998545
22.400000000001455
41.65999999999622
18.37000000000262
50.55999999999767
118.77999999999884
18.81999999999971
50.11000000000058
116.10000000000582
18.360000000000582
51.679999999993015
118.79000000000087
18.37000000000262
22.839999999996508
41.44000000000233
19.040000000000873
50.12000000000262
117.87999999999738
18.599999999998545
50.11000000000058
119.2300000000032
19.040000000000873
22.619999999995343
43.68000000000029
18.81999999999971
51.68000000000029
117.88999999999942
45.25
33.599999999998545
20.60000000000582
157.47999999999593
14.779999999998836
41.88999999999942
19.040000000000873
50.56000000000495
118.11000000000058
18.369999999995343
22.62000000000262
43.229999999995925
18.81999999999971
51.4600000000064
115.86999999999534
18.37000000000262
51.229999999995925
138.94000000000233
18.37000000000262
22.18000000000029
42.32999999999447
18.590000000003783
49.88999999999942
118.55999999999767
18.81999999999971
50.78000000000611
119.90999999999622
18.360000000000582
51.91000000000349
118.55999999999767
44.56999999999971
32.26000000000204
50.55999999999767
120.58000000000175
18.80999999999767
51.2300000000032
118.7899999999936
18.37000000000262
49.87999999999738
116.55000000000291
19.040000000000873
51.01000000000204
118.11000000000058
45.68999999999505
25.760000000002037
50.12000000000262
120.79999999999563
18.810000000004948
22.62999999999738
16.349999999998545
192.19000000000233
158.5899999999965
18.590000000003783
22.849999999998545
42.33999999999651
18.810000000004948
50.33999999999651
117.22000000000116
44.12000000000262
25.540000000000873
52.57999999999447
116.99000000000524
19.039999999993597
50.11000000000058
117.22000000000116
18.810000000004948
51.45999999999913
118.32999999999447
18.37000000000262
50.55999999999767
117.88999999999942
18.590000000003783
140.38999999999942
119.68000000000029
18.360000000000582
51.45999999999913
119.2300000000032
125.88999999999942
24.860000000000582
52.36000000000058
116.5399999999936
18.590000000003783
51.45999999999913
120.56999999999971
18.37000000000262
51.90999999999622
118.33000000000175
19.2699999999968
49.88000000000466
117.0
18.360000000000582
51.23999999999796
118.77999999999884
18.590000000003783
51.229999999995925
118.55999999999767
18.37000000000262
50.79000000000087
124.83000000000175
19.040000000000873
51.00999999999476
117.66000000000349
18.81999999999971
52.349999999998545
119.68000000000029
18.590000000003783
50.33999999999651
119.44999999999709
18.37000000000262
22.400000000001455
43.45999999999913
18.589999999996508
50.330000000001746
117.88999999999942
43.68000000000029
25.760000000002037
49.220000000001164
117.88999999999942
18.80999999999767
50.56000000000495
117.21999999999389
19.040000000000873
51.01000000000204
117.20999999999913
43.91000000000349
24.189999999995052
49.44000000000233
118.33000000000175
18.150000000001455
51.229999999995925
117.88999999999942
18.810000000004948
50.7899999999936
117.66000000000349
18.37000000000262
22.18000000000029
43.0
18.599999999998545
50.779999999998836
120.58000000000175
44.799999999995634
50.169999999998254
36.29000000000087
157.92000000000553
15.459999999999127
44.11999999999534
18.60000000000582
50.55999999999767
119.68000000000029
18.139999999999418
52.12999999999738
118.33000000000175
18.37000000000262
52.349999999998545
116.7699999999968
101.47000000000116
51.68000000000029
119.91000000000349
18.369999999995343
50.779999999998836
116.31999999999971
18.820000000006985
22.39999999999418
42.779999999998836
18.820000000006985
50.779999999998836
117.65999999999622
18.81999999999971
50.34000000000378
118.32999999999447
18.37000000000262
22.849999999998545
41.88999999999942
18.810000000004948
50.55999999999767
118.11000000000058
45.029999999998836
22.169999999998254
51.45999999999913
116.99000000000524
44.799999999995634
44.80000000000291
159.70999999999913
14.790000000000873
43.2300000000032
18.81999999999971
50.55999999999767
120.34999999999854
18.590000000003783
94.0199999999968
119.2300000000032
18.139999999999418
50.33999999999651
119.2300000000032
18.139999999999418
51.68000000000029
29.409999999996217
20.160000000003492
158.36999999999534
14.560000000004948
23.5199999999968
50.34000000000378
31.19999999999709
19.93000000000029
157.91999999999825
15.010000000002037
23.30000000000291
50.55999999999767
30.299999999995634
19.94000000000233
159.26000000000204
15.010000000002037
23.739999999997963
50.79000000000087
31.19999999999709
20.160000000003492
293.2099999999991
48.38999999999942
48.54000000000087
32.31999999999971
22.849999999998545
16.56999999999971
194.44000000000233
161.72000000000116
18.369999999995343
50.56000000000495
30.75
20.609999999993306
157.92000000000553
15.229999999995925
24.200000000004366
19.479999999995925
157.25
14.790000000000873
23.739999999997963
55.70999999999913
31.650000000001455
20.160000000003492
86.68999999999505
128.35000000000582
19.25999999999476
50.79000000000087
30.080000000001746
20.610000000000582
58.45999999999913
18.139999999999418
190.40000000000146
15.010000000002037
24.419999999998254
74.52999999999884
31.19999999999709
20.160000000003492
158.80999999999767
14.790000000000873
24.410000000003492
49.669999999998254
30.5199999999968
20.610000000000582
157.47000000000116
195.55999999999767
14.780000000006112
23.969999999993888
48.770000000004075
29.400000000001455
19.939999999995052
45.700000000004366
26.87999999999738
150.3000000000029
59.80999999999767
24.639999999999418
48.54000000000087
30.30999999999767
20.380000000004657
45.0199999999968
25.31999999999971
47.63999999999942
31.200000000004366
20.389999999999418
43.68000000000029
17.0199999999968
199.36000000000058
15.459999999999127
24.410000000003492
49.88999999999942
29.189999999995052
20.160000000003492
94.08000000000175
25.529999999998836
51.68000000000029
30.979999999995925
20.160000000003492
126.77999999999884
25.760000000002037
52.12999999999738
29.630000000004657
22.39999999999418
43.01000000000204
157.25
15.230000000003201
23.739999999997963
48.7699999999968
29.860000000000582
20.610000000000582
43.900000000001455
23.739999999997963
52.13000000000466
30.529999999998836
20.37999999999738
55.55999999999767
26.200000000004366
50.55999999999767
31.200000000004366
20.389999999999418
46.58999999999651
52.419999999998254
49.88000000000466
31.19999999999709
19.94000000000233
46.81999999999971
25.529999999998836
19.040000000000873
42.79000000000087
36.51000000000204
49.88999999999942
31.19999999999709
19.710000000006403
44.34999999999127
25.089999999996508
66.01000000000931
29.860000000000582
23.069999999992433
42.33999999999651
158.3700000000099
215.47999999999593
15.009999999994761
23.75
50.78000000001339
30.29999999998836
20.389999999999418
158.59000000001106
15.009999999994761
23.74000000000524
61.30999999999767
30.979999999995925
22.180000000007567
43.229999999995925
18.589999999996508
50.55999999999767
29.180000000007567
20.610000000000582
45.470000000001164
24.19999999999709
48.98999999999069
30.30000000000291
19.94000000000233
46.13999999999942
24.869999999995343
52.80000000000291
30.75
19.710000000006403
44.129999999990105
18.59000000001106
227.13999999999942
15.0
24.19999999999709
51.0
30.979999999995925
20.380000000004657
44.13000000000466
24.869999999995343
48.31999999999243
30.75
20.160000000003492
46.13999999999942
24.870000000009895
50.329999999987194
30.75
20.389999999999418
42.78000000001339
25.30999999999767
49.0
31.19999999999709
19.70999999999185
53.09000000001106
45.69000000000233
52.579999999987194
30.30000000000291
19.49000000000524
41.66000000000349
17.479999999995925
362.6499999999942
15.680000000007567
24.19000000000233
28.679999999993015
46.36000000000058
24.639999999999418
51.91000000000349
28.95999999999185
20.610000000000582
44.80000000000291
15.680000000007567
219.7399999999907
43.90000000000873
27.55999999999767
51.89999999999418
28.960000000006403
19.94000000000233
46.58999999999651
26.64999999999418
50.34000000001106
29.85999999998603
20.380000000004657
44.35000000000582
51.91000000000349
30.519999999989523
19.94000000000233
47.49000000000524
49.729999999995925
50.55999999999767
30.080000000001746
20.160000000003492
74.58999999999651
25.089999999996508
1184.2200000000012
30.30000000000291
20.389999999999418
23.289999999993597
50.34000000001106
30.529999999998836
19.929999999993015
44.80000000000291
25.75999999999476
46.60000000000582
51.2899999999936
24.420000000012806
50.11000000000058
29.179999999993015
20.389999999999418
65.63000000000466
57.33999999999651
18.60000000000582
122.51999999998952
23.520000000004075
49.669999999998254
29.180000000007567
20.389999999999418
531.3199999999924
51.75
51.229999999995925
30.75
20.610000000000582
157.02000000000407
14.790000000008149
23.739999999990687
49.44000000000233
30.75
20.389999999999418
210.55999999999767
14.779999999998836
23.970000000001164
51.01000000000931
30.529999999998836
19.929999999993015
159.27000000000407
14.779999999998836
24.19000000000233
75.64999999999418
30.75
22.630000000004657
42.779999999998836
19.039999999993597
50.560000000012224
29.179999999993015
22.39999999999418
16.360000000000582
194.65000000000873
14.559999999997672
23.970000000001164
51.00999999999476
32.54000000000815
22.629999999990105
17.020000000004075
193.0899999999965
15.010000000009313
24.19000000000233
50.11000000000058
29.40999999998894
21.94999999999709
43.23000000001048
159.26999999998952
15.450000000011642
24.419999999998254
57.729999999995925
30.75
19.930000000007567
168.0
14.559999999997672
24.419999999998254
50.779999999998836
29.19000000000233
22.169999999998254
43.45999999999185
18.139999999999418
50.34000000001106
29.179999999993015
20.160000000003492
61.830000000001746
17.470000000001164
196.4499999999971
15.229999999995925
23.74000000000524
50.11999999999534
32.08999999999651
22.85000000000582
43.4600000000064
18.360000000000582
22.39999999999418
43.00999999999476
18.59000000001106
50.7899999999936
29.179999999993015
22.40000000000873
41.88999999999942
18.819999999992433
50.330000000001746
30.980000000010477
22.39999999999418
16.80000000000291
198.45999999999185
14.790000000008149
24.410000000003492
51.45999999999185
29.410000000003492
22.169999999998254
16.35000000000582
191.0799999999872
14.780000000013388
23.969999999986612
51.90000000000873
30.75
22.179999999993015
42.560000000012224
18.589999999996508
51.229999999995925
30.529999999998836
22.180000000007567
67.19999999999709
19.25999999999476
51.68000000000757
31.19999999999709
22.179999999993015
42.779999999998836
18.370000000009895
51.00999999999476
30.75
21.729999999995925
41.88999999999942
18.59000000001106
51.89999999999418
29.630000000004657
22.179999999993015
42.779999999998836
18.60000000000582
51.679999999993015
30.520000000004075
22.180000000007567
42.779999999998836
18.59999999999127
51.44999999999709
30.530000000013388
22.179999999993015
42.779999999998836
18.589999999996508
22.180000000007567
41.66000000000349
19.039999999993597
49.88999999999942
30.979999999995925
21.95000000001164
42.329999999987194
18.60000000000582
22.839999999996508
41.0
18.360000000000582
50.33999999999651
30.75
22.630000000004657
41.44000000000233
18.80999999999767
22.180000000007567
41.88999999999942
157.91999999999825
15.44999999999709
24.19000000000233
50.11999999999534
30.75
22.169999999998254
41.88999999999942
18.59000000001106
51.00999999999476
30.979999999995925
22.619999999995343
42.560000000012224
18.369999999995343
50.33999999999651
29.85000000000582
22.39999999999418
42.55999999999767
18.59000000001106
52.579999999987194
29.410000000003492
22.40000000000873
43.679999999993015
19.710000000006403
50.55999999999767
29.410000000003492
22.39999999999418
42.330000000001746
158.36999999999534
14.790000000008149
23.95999999999185
50.120000000009895
30.079999999987194
22.170000000012806
43.229999999995925
18.369999999995343
51.4600000000064
30.75
22.179999999993015
42.55999999999767
18.59000000001106
50.11000000000058
31.19999999999709
19.70999999999185
42.11000000000058
30.020000000004075
70.05000000000291
29.179999999993015
22.630000000004657
16.569999999992433
191.3000000000029
14.779999999998836
24.19000000000233
53.919999999998254
29.410000000003492
20.160000000003492
63.61999999999534
87.58000000000175
18.589999999996508
50.120000000009895
30.079999999987194
22.170000000012806
42.55999999999767
158.36999999999534
15.229999999995925
24.19000000000233
49.44000000000233
