11.3
32.03
68.32000000000001
18.810000000000002
55.109999999999985
62.94
12.550000000000011
177.33999999999997
11.260000000000048
19.71999999999997
61.82000000000005
17.019999999999982
87.58999999999992
51.97000000000003
62.49000000000001
53.99000000000001
19.039999999999964
67.42000000000007
32.25999999999999
18.590000000000032
24.18999999999994
34.72000000000003
31.74000000000001
11.269999999999982
18.809999999999945
60.710000000000036
31.13000000000011
99.45999999999981
16.580000000000155
61.819999999999936
23.74000000000001
54.87999999999988
32.04000000000019
16.34999999999991
29.789999999999964
16.580000000000155
68.08999999999992
37.41000000000008
28.669999999999845
17.029999999999973
54.200000000000045
30.690000000000055
16.34999999999991
54.440000000000055
19.039999999999964
79.51999999999998
17.24000000000001
38.52999999999997
50.63000000000011
24.190000000000055
19.930000000000064
48.159999999999854
33.82999999999993
13.440000000000055
165.09000000000015
12.08999999999969
31.070000000000164
11.269999999999982
18.809999999999945
23.75
33.820000000000164
31.9699999999998
11.260000000000218
18.59999999999991
61.15000000000009
17.25
52.63999999999987
30.460000000000036
61.15000000000009
20.829999999999927
33.159999999999854
16.800000000000182
87.36000000000013
28.4399999999996
27.7800000000002
16.800000000000182
94.07999999999993
19.039999999999964
66.98000000000002
17.019999999999982
29.789999999999964
80.19000000000005
74.59999999999991
16.570000000000164
29.34999999999991
17.019999999999982
30.909999999999854
18.36999999999989
61.15000000000009
17.470000000000255
57.34999999999991
19.48999999999978
68.09000000000015
16.579999999999927
30.91000000000031
16.34999999999991
29.789999999999964
18.59999999999991
24.190000000000055
33.36999999999989
31.970000000000255
11.269999999999982
19.039999999999964
24.859999999999673
32.93000000000029
31.73999999999978
11.269999999999982
18.590000000000146
24.409999999999854
51.75
18.36999999999989
23.520000000000437
33.149999999999636
31.73999999999978
11.270000000000437
19.479999999999563
23.970000000000255
34.27000000000044
31.75
11.259999999999309
18.590000000000146
23.75
59.36000000000058
18.80999999999949
23.300000000000182
52.85999999999967
32.039999999999964
16.57000000000062
29.789999999999964
17.029999999999745
82.64999999999964
18.82000000000062
53.97999999999956
16.800000000000182
47.27000000000044
17.919999999999163
79.07000000000062
33.81999999999971
18.150000000000546
30.6899999999996
18.590000000000146
24.409999999999854
32.47999999999956
31.75
11.260000000000218
18.590000000000146
24.640000000000327
64.51999999999953
18.590000000000146
23.73999999999978
33.150000000000546
31.75
11.259999999999309
19.710000000000036
24.420000000000073
33.150000000000546
31.969999999999345
11.260000000000218
18.82000000000062
61.81999999999971
31.80999999999949
19.49000000000069
81.75999999999931
16.800000000000182
32.69999999999982
18.3700000000008
23.969999999999345
33.82000000000062
12.319999999999709
61.599999999999454
16.13000000000011
33.150000000000546
52.86999999999989
16.13000000000011
58.909999999999854
21.050000000000182
33.38000000000011
17.469999999999345
39.650000000000546
17.019999999999527
32.039999999999964
19.039999999999964
23.960000000000036
32.48000000000047
31.519999999999527
11.270000000000437
18.590000000000146
23.519999999999527
32.26000000000022
31.73999999999978
11.260000000000218
19.269999999999527
24.19000000000051
34.720000000000255
31.73999999999978
11.269999999999527
18.590000000000146
23.520000000000437
33.149999999999636
31.75
11.260000000000218
18.590000000000146
24.420000000000073
52.85999999999967
19.270000000000437
24.1899999999996
32.47999999999956
31.74000000000069
11.269999999999527
18.8100000000004
23.75
155.0
18.599999999999454
24.19000000000051
33.149999999999636
31.970000000000255
11.260000000000218
32.25999999999931
16.350000000000364
84.0
19.26000000000022
29.800000000000182
16.56999999999971
53.30999999999949
19.270000000000437
67.64999999999964
32.25
19.49000000000069
60.69999999999982
16.359999999999673
66.30000000000018
12.539999999999964
30.18000000000029
11.259999999999309
18.600000000000364
23.73999999999978
71.01000000000022
18.36999999999989
24.860000000000582
33.149999999999636
31.75
11.260000000000218
18.590000000000146
23.519999999999527
44.57999999999993
12.770000000000437
54.43000000000029
12.090000000000146
31.079999999999927
11.260000000000218
18.589999999998327
23.970000000001164
50.61999999999898
12.550000000001091
76.60999999999876
17.2400000000016
31.80999999999949
17.920000000000073
66.07999999999993
32.47999999999956
18.3700000000008
24.639999999999418
33.149999999999636
31.75
11.260000000000218
18.81999999999971
23.960000000000946
33.82999999999993
12.769999999998618
108.64000000000124
12.760000000000218
29.729999999999563
11.270000000000437
18.590000000000146
23.519999999998618
33.600000000000364
12.770000000000437
204.72999999999956
11.649999999999636
31.73999999999978
11.270000000000437
18.81000000000131
25.089999999998327
52.42000000000007
31.520000000000437
11.260000000000218
18.590000000000146
23.969999999999345
33.38000000000102
31.73999999999978
11.489999999999782
19.48999999999978
23.969999999999345
33.82000000000153
12.539999999999054
84.22999999999956
11.8700000000008
30.18000000000029
11.260000000000218
32.029999999998836
16.350000000000364
30.23999999999978
16.360000000000582
31.360000000000582
50.840000000000146
34.04999999999927
31.520000000000437
11.269999999998618
18.590000000000146
23.73999999999978
31.590000000000146
12.760000000000218
79.52000000000044
12.319999999999709
33.98999999999978
11.260000000000218
19.040000000000873
23.969999999999345
33.149999999999636
31.75
11.260000000000218
18.3700000000008
23.969999999999345
52.86000000000058
32.029999999998836
16.579999999999927
29.1200000000008
16.350000000000364
32.26000000000022
19.039999999999054
23.960000000000946
32.47999999999956
31.75
11.260000000000218
18.81999999999971
23.969999999999345
33.150000000001455
31.73999999999978
11.269999999998618
19.26000000000022
23.73999999999978
38.530000000000655
31.520000000000437
11.270000000000437
18.80999999999949
23.75
33.149999999999636
31.73999999999978
11.270000000000437
19.479999999999563
24.200000000000728
37.18000000000029
31.519999999998618
11.260000000000218
18.81999999999971
24.19000000000051
129.70000000000073
36.05999999999949
65.6299999999992
34.05000000000109
31.75
11.260000000000218
32.029999999998836
67.65000000000146
18.589999999998327
30.910000000001673
16.1299999999992
79.29999999999927
29.790000000000873
15.899999999999636
64.52000000000044
107.52000000000044
30.840000000000146
11.269999999998618
18.81000000000131
24.19999999999891
32.030000000000655
31.969999999999345
11.260000000000218
18.81999999999971
23.520000000000437
32.47999999999956
31.960000000000946
11.269999999998618
19.4900000000016
23.959999999999127
33.38000000000102
31.73999999999978
11.269999999998618
19.710000000000946
23.520000000000437
34.04999999999927
31.73999999999978
11.270000000000437
18.80999999999949
23.30000000000109
33.149999999999636
31.520000000000437
11.2599999999984
32.04000000000087
16.350000000000364
30.68999999999869
15.900000000001455
29.11999999999898
18.3700000000008
24.639999999999418
33.149999999999636
31.73999999999978
11.270000000000437
18.590000000000146
23.73999999999978
33.159999999999854
31.73999999999978
11.260000000000218
18.600000000000364
23.520000000000437
33.36999999999898
31.520000000000437
11.270000000000437
32.25
16.350000000000364
72.79999999999927
15.680000000000291
31.139999999999418
19.040000000000873
24.639999999999418
50.6200000000008
32.039999999999054
15.899999999999636
31.360000000000582
17.700000000000728
31.359999999998763
19.040000000000873
61.36999999999898
16.580000000001746
91.38999999999942
62.719999999999345
12.319999999999709
29.950000000000728
11.270000000000437
18.590000000000146
24.859999999998763
33.150000000001455
31.75
11.2599999999984
19.4900000000016
25.089999999998327
34.05000000000109
31.73999999999978
11.260000000000218
18.81999999999971
23.969999999999345
32.030000000000655
31.520000000000437
11.260000000000218
18.81999999999971
24.420000000000073
45.469999999999345
31.73999999999978
11.270000000000437
18.590000000000146
23.969999999999345
34.04000000000087
31.75
11.260000000000218
32.029999999998836
15.909999999999854
79.97000000000116
51.06999999999971
17.020000000000437
53.30999999999949
19.270000000000437
68.09000000000015
32.26000000000022
19.039999999999054
62.04999999999927
16.80000000000109
56.44999999999891
19.040000000000873
80.63999999999942
16.350000000000364
72.35000000000036
81.30999999999949
16.579999999999927
68.31999999999971
84.89000000000124
16.579999999999927
31.80999999999949
19.040000000000873
23.519999999998618
31.360000000000582
31.289999999999054
11.270000000000437
19.040000000000873
23.73999999999978
33.149999999999636
31.75
11.260000000000218
18.590000000000146
23.520000000000437
33.82999999999993
31.73999999999978
11.270000000000437
18.80999999999949
23.969999999999345
32.70000000000073
31.75
11.260000000000218
18.590000000000146
23.969999999999345
34.5
31.520000000000437
11.260000000000218
18.590000000000146
24.86999999999898
34.27000000000044
31.520000000000437
11.2599999999984
32.04000000000087
16.350000000000364
39.86999999999898
81.76000000000022
66.29999999999927
32.26000000000204
18.590000000000146
24.18999999999869
51.52000000000044
18.81999999999971
24.18999999999869
32.710000000002765
31.739999999997963
11.260000000002037
18.81999999999971
61.37999999999738
31.13000000000102
18.590000000000146
68.54999999999927
32.030000000002474
18.590000000000146
23.969999999997526
34.04999999999927
31.520000000000437
11.260000000002037
18.590000000000146
23.969999999997526
31.81000000000131
31.970000000001164
11.2599999999984
32.030000000002474
15.909999999999854
29.340000000000146
16.57999999999811
30.0099999999984
18.37000000000262
23.75
32.47999999999956
31.739999999997963
11.260000000002037
32.04000000000087
67.41999999999825
79.06999999999971
16.580000000001746
108.63999999999942
80.86000000000058
15.909999999999854
31.12999999999738
18.820000000003347
23.739999999997963
32.26000000000204
31.739999999997963
11.270000000000437
19.93000000000029
23.970000000001164
32.69999999999709
31.970000000001164
11.270000000000437
32.029999999998836
16.56999999999971
28.0
80.20000000000073
114.90999999999985
32.47999999999956
51.29000000000087
34.04999999999927
31.75
11.260000000002037
18.81999999999971
23.959999999999127
52.86999999999898
18.37000000000262
62.48999999999796
17.029999999998836
108.64000000000306
47.039999999997235
11.87000000000262
31.289999999997235
11.270000000000437
18.590000000000146
23.520000000000437
33.150000000001455
31.75
11.2599999999984
18.590000000000146
24.42000000000189
104.82999999999811
18.590000000000146
23.970000000001164
33.38000000000102
31.739999999997963
11.260000000002037
19.2699999999968
23.290000000000873
34.720000000001164
31.75
11.2599999999984
18.81999999999971
23.970000000001164
33.36999999999898
31.75
11.260000000002037
19.040000000000873
23.969999999997526
34.27000000000044
31.7400000000016
11.270000000000437
18.80999999999767
60.47999999999956
17.25
373.40999999999985
19.260000000002037
68.31999999999971
32.04000000000087
18.590000000000146
24.18999999999869
34.04999999999927
31.7400000000016
11.270000000000437
18.80999999999767
23.970000000001164
32.47999999999956
31.520000000000437
11.2599999999984
32.04000000000087
16.56999999999971
30.909999999999854
80.63999999999942
19.94000000000233
30.020000000000437
17.239999999997963
54.20999999999913
30.020000000000437
16.13000000000102
58.0099999999984
19.040000000000873
66.53000000000247
32.2599999999984
19.2599999999984
60.70000000000073
17.25
56.22999999999956
19.260000000002037
67.41999999999825
32.26000000000204
18.36999999999898
23.520000000000437
32.93000000000029
31.739999999997963
11.260000000002037
18.81999999999971
24.419999999998254
50.62000000000262
18.590000000000146
23.75
35.159999999999854
31.75
11.2599999999984
18.81999999999971
23.970000000001164
33.36999999999898
31.75
11.260000000002037
19.039999999997235
23.970000000001164
32.93000000000029
31.520000000000437
11.2599999999984
18.81999999999971
23.290000000000873
33.38000000000102
31.290000000000873
11.269999999996799
19.040000000000873
23.06999999999971
32.93000000000029
31.7400000000016
11.270000000000437
18.590000000000146
23.5199999999968
34.05000000000291
31.520000000000437
11.2599999999984
18.590000000000146
23.299999999999272
33.36999999999898
31.75
11.260000000002037
32.029999999998836
16.580000000001746
141.11999999999898
67.86999999999898
32.26000000000204
19.489999999997963
61.60000000000218
16.11999999999898
52.86999999999898
19.040000000000873
66.97000000000116
32.47999999999956
19.489999999997963
23.520000000000437
34.720000000001164
31.75
11.2599999999984
18.81999999999971
23.7400000000016
33.599999999998545
12.540000000000873
73.02999999999884
31.290000000000873
11.270000000000437
18.590000000000146
23.7400000000016
32.93000000000029
31.75
11.2599999999984
32.029999999998836
16.580000000001746
30.68999999999869
16.11999999999898
31.360000000000582
18.600000000002183
23.520000000000437
33.599999999998545
31.7400000000016
11.2599999999984
19.040000000000873
24.419999999998254
33.38000000000102
31.520000000000437
11.2599999999984
19.4900000000016
24.18999999999869
50.18000000000029
19.260000000002037
24.18999999999869
34.04999999999927
12.9900000000016
154.10999999999694
62.5
16.580000000001746
31.360000000000582
37.18000000000029
68.31999999999971
32.029999999998836
18.81999999999971
24.19000000000233
35.38999999999942
13.889999999999418
122.97999999999956
11.420000000001892
30.61999999999898
11.270000000000437
19.039999999997235
23.290000000000873
32.47999999999956
13.0
76.38000000000102
62.720000000001164
16.349999999998545
32.93000000000029
18.139999999999418
67.88000000000102
16.349999999998545
29.340000000000146
16.799999999999272
31.590000000000146
50.17000000000189
34.04999999999927
31.7400000000016
11.270000000000437
32.25
16.12999999999738
61.60000000000218
16.12999999999738
229.8199999999997
18.820000000003347
23.5199999999968
32.26000000000204
31.520000000000437
11.2599999999984
32.030000000002474
16.349999999998545
34.95000000000073
16.12999999999738
31.13000000000102
18.36999999999898
24.42000000000189
51.29000000000087
31.80999999999767
68.31999999999971
19.040000000000873
30.2400000000016
16.57999999999811
65.40000000000146
51.07999999999811
12.090000000000146
29.950000000000728
11.270000000000437
19.4900000000016
61.14999999999782
31.13000000000102
54.88000000000102
63.61999999999898
12.319999999999709
33.38000000000102
50.61999999999898
19.2599999999984
23.30000000000291
34.04999999999927
31.969999999997526
11.260000000002037
18.81999999999971
62.04000000000087
16.57999999999811
116.26000000000204
127.22999999999956
12.090000000000146
31.07999999999811
11.260000000002037
19.040000000000873
23.739999999997963
33.599999999998545
31.75
11.260000000002037
18.590000000000146
24.200000000000728
32.69999999999709
31.520000000000437
11.260000000002037
32.04000000000087
68.53999999999724
80.19000000000233
16.12999999999738
37.63000000000102
18.36999999999898
23.970000000001164
31.81000000000131
31.739999999997963
11.260000000002037
18.599999999998545
24.18999999999869
32.93000000000029
31.7400000000016
11.2599999999984
19.270000000000437
23.290000000000873
34.279999999998836
31.520000000000437
11.260000000002037
32.029999999998836
16.799999999999272
60.030000000002474
15.909999999999854
31.359999999996944
49.95000000000073
33.81999999999971
31.75
11.260000000002037
18.81999999999971
23.969999999997526
63.390000000003056
18.590000000000146
23.969999999997526
48.61000000000058
19.260000000002037
24.639999999999418
34.27000000000044
31.5199999999968
11.270000000000437
18.81000000000131
23.970000000001164
32.93000000000029
31.5199999999968
11.260000000002037
19.040000000000873
24.639999999999418
34.95000000000073
31.739999999997963
11.260000000002037
18.81999999999971
24.419999999998254
33.150000000001455
31.969999999997526
11.260000000002037
18.81999999999971
23.7400000000016
32.029999999998836
31.75
11.2599999999984
18.590000000000146
23.299999999999272
32.93000000000029
31.290000000000873
11.270000000000437
19.040000000000873
62.27000000000044
31.360000000000582
84.66999999999825
123.41999999999825
86.2400000000016
30.18000000000029
11.2599999999984
18.600000000002183
23.06999999999971
32.93000000000029
31.739999999997963
11.260000000002037
18.599999999998545
23.520000000000437
34.27000000000044
31.970000000001164
11.2599999999984
18.81999999999971
23.7400000000016
33.599999999998545
31.7400000000016
11.270000000000437
18.590000000000146
24.639999999999418
33.37999999999738
31.7400000000016
11.2599999999984
32.04000000000087
16.350000000002183
28.219999999997526
16.580000000001746
78.84999999999854
18.360000000000582
23.970000000001164
32.2599999999984
31.970000000001164
11.2599999999984
19.709999999999127
23.970000000001164
38.97999999999956
12.540000000000873
54.659999999999854
12.319999999999709
31.06999999999971
11.260000000002037
18.590000000000146
24.639999999999418
33.38000000000102
31.739999999997963
11.270000000000437
18.590000000000146
23.970000000001164
32.47999999999956
31.739999999997963
11.270000000000437
19.260000000002037
23.5199999999968
34.27000000000044
12.55000000000291
75.2599999999984
63.840000000000146
17.020000000000437
84.22999999999956
23.06999999999971
33.150000000001455
31.520000000000437
11.269999999996799
18.590000000000146
24.409999999999854
33.38000000000102
31.7400000000016
11.270000000000437
18.80999999999767
62.5
31.580000000001746
23.520000000000437
67.43000000000029
32.25
18.599999999998545
23.739999999997963
33.82000000000335
31.75
11.2599999999984
18.590000000000146
24.639999999999418
33.159999999999854
31.7400000000016
11.2599999999984
18.81999999999971
23.970000000001164
33.150000000001455
31.739999999997963
11.270000000000437
18.36999999999898
23.959999999999127
62.280000000002474
19.040000000000873
23.959999999999127
32.2599999999984
31.7400000000016
11.270000000000437
32.029999999998836
16.349999999998545
28.67000000000189
16.360000000000582
65.62999999999738
78.85000000000218
16.11999999999898
31.139999999999418
18.37000000000262
23.739999999997963
33.150000000001455
31.75
11.2599999999984
32.029999999998836
16.13000000000102
28.900000000001455
16.349999999998545
30.909999999999854
18.81999999999971
23.520000000000437
33.60000000000218
31.739999999997963
11.270000000000437
18.81000000000131
61.830000000001746
31.57999999999447
17.700000000004366
66.29999999999563
32.26000000000204
18.590000000003783
60.25
31.589999999996508
21.05000000000291
67.87999999999738
32.25
19.040000000000873
23.75
32.69999999999709
12.990000000005239
176.50999999999476
11.430000000000291
31.520000000004075
11.259999999994761
19.040000000000873
61.150000000001455
31.360000000000582
17.919999999998254
67.20000000000437
32.25999999999476
19.49000000000524
24.189999999995052
32.26000000000204
31.290000000000873
11.269999999996799
18.810000000004948
23.5199999999968
59.80999999999767
31.74000000000524
11.269999999996799
19.489999999997963
23.960000000006403
43.90999999999622
31.739999999997963
11.270000000004075
18.80999999999767
23.520000000004075
33.37999999999738
31.739999999997963
11.270000000004075
32.029999999998836
15.680000000000291
30.00999999999476
15.460000000006403
28.219999999993888
29.80000000000291
16.349999999998545
37.63000000000466
18.81999999999971
23.290000000000873
32.25999999999476
31.74000000000524
18.87999999999738
83.11000000000058
17.689999999995052
31.360000000000582
18.590000000003783
23.299999999995634
32.4800000000032
31.739999999997963
18.880000000004657
82.43999999999505
16.56999999999971
33.830000000001746
18.360000000000582
23.520000000004075
53.75999999999476
18.81999999999971
23.520000000004075
37.86000000000058
31.959999999999127
18.87999999999738
81.09000000000378
16.57999999999447
30.69000000000233
18.360000000000582
24.419999999998254
51.970000000001164
18.80999999999767
23.970000000001164
36.06999999999971
31.959999999999127
18.880000000004657
80.19999999999709
30.68000000000029
16.360000000000582
97.66000000000349
32.25999999999476
19.040000000000873
23.959999999999127
34.720000000001164
31.520000000004075
18.87999999999738
80.63999999999942
16.580000000001746
30.459999999999127
18.599999999998545
74.13999999999942
31.580000000001746
17.919999999998254
68.31999999999971
32.26000000000204
19.040000000000873
24.419999999998254
33.150000000001455
31.5199999999968
18.880000000004657
80.86000000000058
17.69999999999709
30.010000000002037
18.599999999998545
23.739999999997963
32.4800000000032
31.739999999997963
18.87999999999738
80.87000000000262
16.80000000000291
30.239999999997963
18.80999999999767
61.599999999998545
31.360000000000582
53.76000000000204
16.360000000000582
54.19999999999709
60.04000000000087
63.38999999999942
63.84000000000378
12.319999999999709
37.11999999999534
18.880000000004657
80.18999999999505
16.130000000004657
32.029999999998836
18.589999999996508
24.19000000000233
32.70999999999913
31.74000000000524
18.87999999999738
83.55000000000291
16.799999999995634
32.4800000000032
18.599999999998545
23.959999999999127
32.4800000000032
31.75
18.87999999999738
18.589999999996508
30.020000000004075
16.119999999995343
118.05000000000291
12.770000000004075
39.13999999999942
18.87999999999738
79.73999999999796
16.80000000000291
67.65000000000146
18.139999999999418
24.639999999999418
34.2699999999968
31.75
18.880000000004657
80.63999999999942
16.56999999999971
67.87999999999738
82.65000000000146
16.580000000001746
3247.0999999999985
19.040000000000873
23.5199999999968
33.38000000000466
12.989999999997963
89.81999999999971
11.650000000001455
29.94999999999709
18.87999999999738
81.76000000000204
17.700000000004366
66.52999999999884
82.20999999999913
16.349999999998545
69.66000000000349
83.32999999999447
16.580000000001746
73.47000000000116
79.29000000000087
16.580000000001746
68.09999999999854
79.73999999999796
16.349999999998545
66.31000000000495
18.80999999999767
29.790000000000873
16.57999999999447
103.49000000000524
52.86000000000058
11.64999999999418
65.12000000000262
18.87999999999738
79.07000000000698
16.349999999998545
78.40000000000146
18.81999999999971
53.979999999995925
92.06999999999971
77.5
11.87000000000262
42.279999999998836
18.87999999999738
79.29000000000087
16.349999999998545
66.76000000000204
82.43000000000029
16.56999999999971
47.94000000000233
51.5199999999968
34.05000000000291
31.5199999999968
18.880000000004657
83.09999999999854
17.69999999999709
30.24000000000524
18.369999999995343
23.520000000004075
32.029999999998836
31.290000000000873
18.87999999999738
79.75
29.56999999999971
17.239999999997963
69.22000000000116
80.41999999999825
30.24000000000524
84.0
65.18000000000029
32.029999999998836
18.369999999995343
24.19000000000233
33.599999999998545
31.75
18.880000000004657
80.40999999999622
23.970000000001164
16.80000000000291
67.86999999999534
79.97000000000116
26.43000000000029
17.470000000001164
120.73999999999796
79.06999999999971
30.24000000000524
81.98999999999796
67.19999999999709
16.56999999999971
32.26000000000204
16.80000000000291
49.279999999998836
27.7699999999968
16.360000000000582
69.66000000000349
81.30999999999767
23.5199999999968
81.99000000000524
68.08999999999651
32.26000000000204
19.260000000002037
24.419999999998254
41.20999999999913
31.75
18.87999999999738
81.9800000000032
24.639999999999418
16.80000000000291
69.66999999999825
81.30999999999767
30.010000000002037
15.909999999996217
69.66000000000349
79.75
16.56999999999971
31.360000000000582
19.040000000000873
24.419999999998254
32.93000000000029
31.959999999999127
18.87999999999738
81.99000000000524
32.69999999999709
15.910000000003492
31.12999999999738
19.2699999999968
23.520000000004075
33.36999999999534
13.220000000001164
59.81000000000495
62.93999999999505
16.580000000001746
32.029999999998836
19.040000000000873
67.19999999999709
32.25
18.820000000006985
23.969999999993888
33.60000000000582
13.209999999999127
48.15999999999622
11.650000000001455
29.510000000002037
18.87999999999738
79.73999999999796
16.35000000000582
30.0199999999968
19.489999999997963
62.270000000004075
32.029999999998836
34.720000000001164
67.65000000000146
32.029999999998836
19.939999999995052
23.959999999999127
33.38000000000466
31.5199999999968
18.880000000004657
81.54000000000087
15.679999999993015
30.68000000000029
18.37000000000262
23.75
32.25
31.75
18.87999999999738
79.74000000000524
16.349999999998545
40.55000000000291
49.71999999999389
34.05000000000291
12.769999999996799
95.20000000000437
16.349999999998545
61.150000000001455
20.389999999999418
48.15999999999622
34.05000000000291
31.959999999999127
18.87999999999738
81.09000000000378
16.80000000000291
48.15999999999622
19.489999999997963
23.970000000001164
32.700000000004366
12.989999999997963
104.38999999999942
50.779999999998836
18.87999999999738
80.42000000000553
16.349999999998545
96.7699999999968
81.31000000000495
16.12999999999738
180.7699999999968
19.710000000006403
62.049999999995634
31.80000000000291
17.25
66.52999999999884
32.26000000000204
50.169999999998254
34.2699999999968
31.75
18.880000000004657
83.09999999999854
16.580000000001746
30.909999999996217
18.81999999999971
23.290000000000873
32.029999999998836
31.75
18.880000000004657
81.52999999999884
16.799999999995634
31.590000000003783
18.80999999999767
23.970000000001164
32.4800000000032
31.5199999999968
18.87999999999738
79.30000000000291
16.80000000000291
31.12999999999738
19.040000000000873
61.15999999999622
31.80000000000291
18.37000000000262
67.19999999999709
32.26000000000204
19.25999999999476
23.06999999999971
33.60000000000582
31.75
18.87999999999738
81.52999999999884
17.029999999998836
47.04000000000087
19.260000000002037
24.19000000000233
33.37999999999738
31.5199999999968
18.880000000004657
78.40000000000146
16.799999999995634
40.98999999999796
19.270000000004075
24.409999999996217
32.93000000000029
31.970000000001164
18.880000000004657
79.73999999999796
17.029999999998836
31.12999999999738
18.37000000000262
24.419999999998254
31.580000000001746
12.540000000000873
88.93000000000029
12.099999999998545
31.290000000000873
18.87999999999738
82.66000000000349
17.0199999999968
31.139999999999418
19.260000000002037
23.75
33.599999999998545
11.87000000000262
62.720000000001164
11.650000000001455
31.06999999999971
18.87999999999738
82.43000000000029
16.580000000001746
31.57999999999447
18.81999999999971
23.520000000004075
33.150000000001455
31.739999999997963
18.87999999999738
18.60000000000582
55.7699999999968
64.06999999999971
12.989999999997963
30.85000000000582
18.87999999999738
82.87999999999738
31.130000000004657
16.349999999998545
31.139999999999418
50.400000000001455
34.049999999995634
13.209999999999127
71.01000000000204
11.650000000001455
34.5
50.169999999998254
18.81999999999971
62.720000000001164
30.910000000003492
18.139999999999418
67.19999999999709
32.26000000000204
18.589999999996508
24.19000000000233
32.479999999995925
12.55000000000291
86.23999999999796
11.650000000001455
29.720000000001164
18.87999999999738
18.81999999999971
55.10000000000582
90.27999999999884
50.169999999998254
11.87000000000262
30.18000000000029
18.87999999999738
80.63999999999942
16.80000000000291
30.459999999999127
18.369999999995343
61.38000000000466
31.580000000001746
19.2699999999968
67.19999999999709
32.25
18.81999999999971
24.19000000000233
33.599999999998545
12.770000000004075
55.7699999999968
12.319999999999709
30.849999999998545
18.880000000004657
84.44999999999709
16.130000000004657
31.12999999999738
18.150000000001455
62.93999999999505
31.810000000004948
20.159999999996217
67.41999999999825
32.26000000000204
49.279999999998836
34.05000000000291
31.739999999997963
18.880000000004657
80.86999999999534
16.349999999998545
144.70000000000437
18.369999999995343
23.30000000000291
32.4800000000032
31.739999999997963
18.87999999999738
80.41999999999825
16.570000000006985
31.589999999996508
18.360000000000582
61.37999999999738
30.910000000003492
17.919999999998254
67.65000000000146
32.029999999998836
50.18000000000029
34.2699999999968
31.06999999999971
18.880000000004657
82.43000000000029
15.909999999996217
30.24000000000524
18.369999999995343
23.959999999999127
32.4800000000032
12.549999999995634
124.99000000000524
12.769999999996799
56.669999999998254
51.520000000004075
19.040000000000873
24.419999999998254
50.169999999998254
18.37000000000262
24.639999999999418
50.18000000000029
19.479999999995925
24.640000000006694
31.80999999999767
31.75
18.87999999999738
80.41000000000349
29.56999999999971
16.799999999995634
29.790000000000873
18.590000000003783
23.75
32.479999999995925
31.74000000000524
18.87999999999738
18.81999999999971
52.41000000000349
62.5
43.679999999993015
12.10000000000582
41.43999999999505
49.720000000001164
18.599999999998545
61.150000000001455
31.130000000004657
17.479999999995925
67.41999999999825
32.03000000000611
18.589999999996508
25.089999999996508
33.60000000000582
31.5199999999968
18.87999999999738
81.99000000000524
17.470000000001164
31.57999999999447
51.06999999999971
33.830000000001746
12.989999999997963
62.720000000001164
17.470000000001164
30.69000000000233
19.040000000000873
67.64999999999418
31.810000000004948
18.80999999999767
23.520000000004075
43.90999999999622
31.520000000004075
18.87999999999738
81.08000000000175
16.360000000000582
30.68000000000029
19.039999999993597
24.200000000004366
32.25
31.970000000001164
18.87999999999738
81.08999999999651
30.910000000003492
16.349999999998545
30.69000000000233
51.299999999995634
33.820000000006985
12.539999999993597
96.77000000000407
12.319999999999709
30.400000000001455
18.87999999999738
80.41999999999825
17.020000000004075
30.239999999997963
19.040000000000873
23.75
32.25
31.5199999999968
18.880000000004657
80.63999999999942
16.349999999998545
32.93000000000029
50.62999999999738
34.04000000000087
31.75
18.880000000004657
79.5199999999968
16.349999999998545
30.910000000003492
50.18000000000029
34.049999999995634
31.520000000004075
18.87999999999738
82.87999999999738
15.900000000001455
31.139999999999418
18.139999999999418
23.74000000000524
35.169999999998254
31.5199999999968
18.880000000004657
82.20999999999913
16.349999999998545
31.80999999999767
18.37000000000262
24.19000000000233
33.81999999999971
31.5199999999968
18.87999999999738
18.820000000006985
55.32999999999447
63.84000000000378
242.80999999999767
12.099999999998545
32.42000000000553
18.87999999999738
18.589999999996508
30.24000000000524
16.12999999999738
79.06999999999971
49.279999999998836
12.770000000004075
37.33999999999651
18.87999999999738
80.6400000000067
16.57999999999447
168.88999999999942
19.040000000000873
23.75
387.2900000000009
26.150000000001455
18.87999999999738
78.62000000000262
16.12999999999738
82.43000000000029
80.42000000000553
16.119999999995343
32.26000000000204
18.589999999996508
23.520000000004075
32.93000000000029
31.739999999997963
18.87999999999738
79.52000000000407
16.580000000001746
30.689999999995052
19.260000000002037
24.419999999998254
33.81999999999971
31.75
18.880000000004657
82.19999999999709
15.680000000000291
30.239999999997963
18.599999999998545
23.74000000000524
50.61999999999534
32.04000000000087
16.349999999998545
58.91000000000349
16.349999999998545
30.910000000003492
50.400000000001455
34.049999999995634
31.75
18.87999999999738
18.810000000004948
55.11000000000058
64.95999999999913
12.319999999999709
30.839999999996508
18.880000000004657
79.97000000000116
15.909999999996217
32.029999999998836
50.400000000001455
34.05000000000291
31.739999999997963
18.87999999999738
80.63999999999942
16.35000000000582
35.38999999999942
18.369999999995343
23.970000000001164
33.37999999999738
31.74000000000524
18.87999999999738
79.52000000000407
17.25
31.359999999993306
18.37000000000262
24.410000000003492
34.71999999999389
31.30000000000291
18.87999999999738
81.31000000000495
16.799999999995634
87.58000000000175
46.37000000000262
16.12999999999738
30.459999999999127
18.37000000000262
23.970000000001164
32.479999999995925
31.970000000001164
18.87999999999738
79.97000000000116
16.80000000000291
35.38999999999942
18.80999999999767
23.520000000004075
32.93000000000029
31.5199999999968
18.880000000004657
78.39999999999418
16.130000000004657
30.459999999999127
18.81999999999971
23.739999999997963
32.26000000000204
31.739999999997963
18.87999999999738
77.9600000000064
15.89999999999418
32.26000000000204
19.260000000002037
23.970000000001164
36.05999999999767
13.220000000001164
67.19999999999709
16.56999999999971
39.43000000000029
52.19000000000233
63.62000000000262
80.40999999999622
63.38999999999942
16.360000000000582
21.05000000000291
52.63999999999942
30.69000000000233
16.580000000001746
82.64999999999418
12.770000000004075
42.05000000000291
18.879999999990105
78.6200000000099
41.439999999987776
16.80000000000291
45.69999999999709
19.260000000009313
24.419999999998254
32.929999999993015
31.960000000006403
18.880000000004657
81.31999999999243
16.570000000006985
31.589999999996508
18.360000000000582
23.970000000001164
32.479999999995925
31.75
18.880000000004657
18.80999999999767
30.020000000004075
16.569999999992433
104.16000000000349
12.319999999992433
32.93000000000757
50.39999999999418
32.029999999998836
17.25
28.230000000010477
16.569999999992433
39.43000000000757
18.360000000000582
24.419999999998254
122.08000000000175
18.589999999996508
23.75
50.61999999999534
19.25999999999476
23.970000000001164
33.60000000000582
31.75
18.880000000004657
18.589999999996508
55.770000000004075
63.61999999999534
49.05999999999767
12.089999999996508
31.75
18.880000000004657
18.589999999996508
54.2100000000064
77.72000000000116
44.36000000000058
11.639999999999418
52.36000000000058
18.879999999990105
81.08000000000175
16.130000000004657
31.589999999996508
18.360000000000582
23.970000000001164
36.070000000006985
12.759999999994761
59.36000000000058
11.880000000004657
29.720000000001164
18.879999999990105
81.54000000000815
17.69999999999709
32.479999999995925
18.360000000000582
23.30000000000291
34.05000000000291
31.739999999990687
18.880000000004657
79.07000000000698
16.579999999987194
30.69000000000233
18.370000000009895
24.860000000000582
51.51999999998952
18.820000000006985
23.519999999989523
49.28000000001339
19.25999999999476
23.970000000001164
57.11999999999534
18.80999999999767
23.970000000001164
31.80999999999767
31.74000000000524
18.880000000004657
78.84999999999127
16.80000000000291
30.69000000000233
19.039999999993597
23.74000000000524
32.479999999995925
31.520000000004075
18.880000000004657
81.98999999999069
16.570000000006985
31.589999999996508
49.5
33.830000000001746
31.960000000006403
18.879999999990105
79.97000000000116
16.80000000000291
31.360000000000582
18.589999999996508
23.970000000001164
31.589999999996508
31.74000000000524
18.880000000004657
80.63999999999942
16.34999999999127
62.270000000004075
19.039999999993597
23.75
31.810000000012224
31.739999999990687
18.880000000004657
81.75999999999476
16.580000000001746
71.22999999999593
77.95000000001164
16.580000000001746
30.90999999998894
18.59000000001106
24.419999999998254
34.26999999998952
31.74000000000524
18.880000000004657
77.94999999999709
17.479999999995925
31.360000000000582
19.25999999999476
23.74000000000524
32.25999999999476
31.520000000004075
18.880000000004657
81.08999999999651
16.80000000000291
32.929999999993015
19.04000000000815
24.410000000003492
51.75
18.80999999999767
23.30000000000291
33.36999999999534
31.75
18.880000000004657
80.40999999998894
16.580000000001746
30.910000000003492
18.819999999992433
23.970000000001164
32.920000000012806
31.75
18.879999999990105
18.80999999999767
56.23000000001048
62.939999999987776
11.870000000009895
29.95999999999185
18.880000000004657
78.83999999999651
16.580000000001746
31.139999999999418
18.80999999999767
23.970000000001164
33.15000000000873
31.75
18.879999999990105
81.98000000001048
16.79999999998836
33.15000000000873
18.589999999996508
24.869999999995343
58.24000000000524
18.589999999996508
61.38000000000466
17.470000000001164
64.05999999999767
116.25999999999476
11.870000000009895
32.419999999998254
18.880000000004657
81.0799999999872
23.30000000000291
16.80000000000291
32.25999999999476
19.710000000006403
24.639999999999418
32.69999999999709
31.970000000001164
18.880000000004657
18.819999999992433
30.680000000007567
17.25
82.20999999999185
12.540000000008149
31.30000000000291
18.879999999990105
80.41999999999825
30.24000000000524
16.119999999995343
30.69000000000233
18.589999999996508
23.970000000001164
35.620000000009895
31.519999999989523
18.880000000004657
82.2100000000064
16.79999999998836
45.24000000000524
19.039999999993597
23.520000000004075
32.7100000000064
31.519999999989523
18.880000000004657
79.07000000000698
17.25
33.81999999999243
18.370000000009895
24.419999999998254
33.36999999999534
31.75
18.880000000004657
18.80999999999767
54.66000000000349
63.38999999999942
12.319999999992433
31.30000000000291
18.880000000004657
80.86000000000058
16.34999999999127
30.470000000001164
19.25999999999476
62.270000000004075
31.360000000000582
18.369999999995343
68.54000000000815
32.0399999999936
51.520000000004075
34.0399999999936
31.75
18.880000000004657
18.80999999999767
54.44000000000233
84.44000000000233
12.320000000006985
100.51999999998952
18.880000000004657
82.42999999999302
15.900000000008731
30.239999999990687
50.18000000000757
24.19000000000233
63.83999999999651
16.130000000004657
62.94000000000233
12.549999999988358
30.620000000009895
18.879999999990105
82.66000000000349
30.680000000007567
16.360000000000582
32.029999999998836
19.039999999993597
23.970000000001164
68.31999999999243
18.14000000001397
23.969999999986612
34.720000000001164
31.74000000000524
18.880000000004657
80.41999999999825
24.639999999999418
16.34999999999127
32.93000000000757
18.369999999995343
62.49000000000524
31.589999999996508
18.360000000000582
67.88000000000466
32.029999999998836
18.369999999995343
24.639999999999418
33.60000000000582
31.520000000004075
18.879999999990105
82.88000000000466
16.569999999992433
31.810000000012224
50.39999999999418
34.05000000000291
31.739999999990687
18.880000000004657
82.43000000000757
71.45999999999185
17.25
31.580000000001746
18.820000000006985
24.189999999987776
60.70000000001164
31.75
18.879999999990105
81.76000000000931
16.569999999992433
31.589999999996508
50.620000000009895
23.519999999989523
827.2300000000105
42.55999999999767
23.30000000000291
33.59999999999127
31.74000000000524
18.880000000004657
83.11000000000058
17.019999999989523
33.830000000001746
18.589999999996508
24.410000000003492
34.720000000001164
12.55000000000291
995.679999999993
17.020000000004075
32.93000000000757
57.33999999999651
93.86000000000058
12.319999999992433
32.26000000000931
49.5
32.029999999998836
17.029999999998836
28.669999999998254
15.679999999993015
30.69000000000233
18.589999999996508
24.19000000000233
32.69999999999709
13.0
102.14000000001397
12.769999999989523
37.33999999999651
18.880000000004657
79.30000000000291
16.569999999992433
69.22000000000116
18.820000000006985
30.679999999993015
62.5
23.520000000004075
33.15000000000873
12.989999999990687
69.88999999999942
12.10000000000582
29.279999999998836
18.880000000004657
79.96999999998661
16.80000000000291
31.360000000000582
18.360000000000582
24.419999999998254
70.55999999999767
12.990000000005239
51.970000000001164
11.64999999999418
31.520000000004075
18.880000000004657
81.52999999999884
30.470000000001164
16.80000000000291
32.479999999995925
18.589999999996508
61.60000000000582
31.80999999999767
19.49000000000524
67.19999999999709
32.029999999998836
18.369999999995343
24.19000000000233
32.25
31.75
18.880000000004657
78.61999999999534
16.35000000000582
31.589999999996508
18.369999999995343
23.520000000004075
34.270000000004075
31.739999999990687
18.880000000004657
79.52000000000407
16.580000000001746
68.76999999998952
80.19000000000233
16.35000000000582
30.69000000000233
18.369999999995343
23.95999999999185
34.279999999998836
13.210000000006403
189.27999999999884
12.320000000006985
30.629999999990105
18.880000000004657
79.07000000000698
29.339999999996508
16.129999999990105
31.360000000000582
49.95000000001164
34.26999999998952
31.75
18.880000000004657
80.63999999999942
16.35000000000582
31.139999999999418
51.95999999999185
34.05000000000291
12.990000000005239
54.20999999999185
12.55000000000291
30.169999999998254
18.880000000004657
79.75
16.80000000000291
31.129999999990105
51.070000000006985
34.05000000000291
31.519999999989523
18.880000000004657
80.41999999999825
16.130000000004657
32.029999999998836
50.169999999998254
23.970000000001164
19.270000000004075
33.14999999999418
68.54000000000815
77.27999999999884
16.579999999987194
33.370000000009895
50.179999999993015
34.270000000004075
12.10000000000582
363.3299999999872
12.320000000006985
31.520000000004075
18.879999999990105
82.65000000000873
23.970000000001164
81.97999999999593
65.41000000000349
32.25999999999476
50.40000000000873
33.36999999999534
31.75
18.880000000004657
79.51999999998952
16.35000000000582
217.27999999999884
49.94999999999709
34.270000000004075
31.75
18.880000000004657
18.589999999996508
54.20999999999185
63.84000000001106
12.319999999992433
98.72000000000116
18.880000000004657
80.63999999999942
16.569999999992433
42.120000000009895
50.39999999999418
34.0399999999936
31.75
18.880000000004657
80.41000000000349
15.910000000003492
32.479999999995925
18.589999999996508
23.74000000000524
32.479999999995925
31.970000000001164
18.880000000004657
18.819999999992433
54.43000000000757
63.38999999999942
12.549999999988358
29.720000000001164
18.880000000004657
80.19999999999709
30.24000000000524
16.569999999992433
30.69000000000233
50.18000000000757
34.0399999999936
31.75
18.880000000004657
82.42999999999302
30.460000000006403
16.130000000004657
31.139999999999418
49.729999999995925
34.0399999999936
31.520000000004075
18.880000000004657
78.39999999999418
16.580000000001746
30.910000000003492
50.179999999993015
24.639999999999418
19.260000000009313
50.39999999999418
34.05000000000291
31.74000000000524
18.879999999990105
81.54000000000815
16.34999999999127
31.80999999999767
50.85000000000582
24.19000000000233
19.039999999993597
50.18000000000757
33.81999999999243
31.520000000004075
18.880000000004657
82.65999999998894
30.910000000003492
81.30999999999767
66.75
32.029999999998836
18.60000000000582
23.960000000006403
40.31999999999243
11.880000000004657
52.86000000000058
12.769999999989523
31.070000000006985
18.880000000004657
82.20999999999185
16.570000000006985
31.80999999999767
50.179999999993015
33.820000000006985
31.75
18.880000000004657
18.80999999999767
30.019999999989523
16.130000000004657
71.44999999999709
12.770000000004075
86.85000000000582
18.879999999990105
81.09000000001106
16.569999999992433
139.5500000000029
49.95999999999185
34.04000000000815
31.520000000004075
18.879999999990105
81.76000000000931
16.580000000001746
31.579999999987194
18.370000000009895
24.419999999998254
32.69999999999709
31.75
18.880000000004657
82.64999999999418
16.35000000000582
30.919999999998254
50.39999999999418
34.04000000000815
31.519999999989523
18.880000000004657
79.97000000000116
17.69999999999709
30.24000000000524
52.19000000000233
23.970000000001164
19.039999999993597
49.729999999995925
34.270000000004075
31.74000000000524
11.269999999989523
64.9600000000064
12.539999999993597
46.98000000001048
11.259999999994761
79.30000000000291
12.319999999992433
29.95000000001164
11.259999999994761
64.06999999999243
12.540000000008149
47.64999999999418
11.260000000009313
63.83999999999651
12.770000000004075
39.36000000000058
11.259999999994761
62.279999999998836
12.320000000006985
29.94999999999709
11.259999999994761
64.29000000000815
13.219999999986612
33.820000000006985
23.30000000000291
19.479999999995925
372.29000000000815
23.969999999986612
19.260000000009313
48.61000000000058
33.830000000001746
12.989999999990687
62.270000000004075
17.470000000001164
33.14999999999418
57.570000000006985
62.94999999999709
12.539999999993597
44.060000000012224
11.269999999989523
63.84000000001106
12.319999999992433
32.19000000000233
11.259999999994761
62.95000000001164
12.769999999989523
38.4600000000064
11.259999999994761
64.9600000000064
12.769999999989523
40.03000000001339
11.269999999989523
17.470000000001164
32.69999999999709
58.24000000000524
63.39999999999418
128.1200000000099
12.319999999992433
30.180000000007567
11.259999999994761
16.580000000001746
76.38000000000466
19.489999999990687
67.43000000000757
31.80000000000291
51.29999999998836
33.820000000006985
13.0
451.58000000000175
11.869999999995343
38.020000000004075
11.259999999994761
62.720000000001164
44.35000000000582
12.769999999989523
37.41000000000349
50.18000000000757
32.029999999998836
15.89999999999418
27.110000000000582
16.80000000000291
32.25
50.84999999999127
34.270000000004075
31.520000000004075
11.270000000004075
63.15999999998894
12.320000000006985
461.83000000000175
11.259999999994761
64.29000000000815
12.989999999990687
31.75
11.260000000009313
16.79999999998836
30.020000000004075
20.830000000001746
68.08999999999651
32.48000000001048
49.50999999999476
34.05000000000291
31.739999999990687
11.260000000009313
63.39999999999418
12.759999999994761
38.69000000000233
11.270000000004075
83.77000000000407
12.319999999992433
43.620000000009895
11.259999999994761
67.86999999999534
12.55000000000291
130.13999999999942
51.75
32.029999999998836
17.020000000004075
31.589999999996508
82.88000000000466
65.6299999999901
32.25
52.20000000001164
34.0399999999936
31.970000000001164
11.270000000004075
62.720000000001164
12.989999999990687
35.770000000004075
11.270000000004075
17.019999999989523
40.99000000000524
44.13000000000466
68.55000000000291
32.25
51.970000000001164
34.04999999998836
31.74000000000524
11.270000000004075
65.17999999999302
12.540000000008149
38.919999999998254
11.259999999994761
17.25
47.93000000000757
18.59999999999127
66.30000000000291
16.130000000004657
29.569999999992433
80.19000000000233
66.08000000000175
32.25
53.75999999999476
33.830000000001746
31.970000000001164
11.259999999994761
62.5
243.2600000000093
11.869999999995343
34.05000000000291
24.419999999998254
18.139999999999418
49.05999999999767
34.270000000004075
31.520000000004075
11.259999999994761
64.07000000000698
12.759999999994761
30.179999999993015
11.260000000009313
64.73999999999069
54.66000000000349
11.419999999998254
31.520000000004075
11.259999999994761
64.29000000000815
12.319999999992433
31.30000000000291
11.259999999994761
63.620000000009895
12.539999999993597
32.19000000000233
11.270000000004075
62.720000000001164
12.989999999990687
283.5200000000041
11.259999999994761
64.74000000000524
12.320000000006985
40.98999999999069
50.85000000000582
32.029999999998836
16.130000000004657
32.69999999999709
17.029999999998836
30.69000000000233
50.61999999999534
34.05000000000291
31.739999999990687
11.270000000004075
16.119999999995343
31.360000000000582
18.15000000000873
68.31999999999243
32.25
49.9600000000064
23.95999999999185
19.94000000000233
48.61000000000058
34.270000000004075
31.74000000000524
11.269999999989523
140.88999999999942
30.40000000000873
11.270000000004075
63.38999999999942
12.319999999992433
41.38000000000466
11.259999999994761
64.29000000000815
12.319999999992433
31.070000000006985
11.259999999994761
63.169999999998254
12.55000000000291
35.83999999999651
52.19000000000233
18.369999999995343
23.29000000000815
33.830000000001746
12.989999999990687
110.65000000000873
16.129999999990105
38.080000000001746
19.270000000004075
67.19999999999709
32.25
50.85000000000582
34.26999999998952
31.520000000004075
11.270000000004075
63.83999999999651
13.210000000006403
52.580000000001746
11.259999999994761
16.130000000004657
32.929999999993015
56.220000000001164
16.130000000004657
36.05999999999767
54.88000000000466
64.06999999999243
12.539999999993597
31.070000000006985
11.270000000004075
63.38999999999942
12.989999999990687
32.7100000000064
51.520000000004075
18.360000000000582
24.869999999995343
74.36999999999534
32.029999999998836
68.32000000000698
18.80999999999767
53.320000000006985
64.72999999999593
12.319999999992433
70.05000000000291
11.260000000009313
63.83999999999651
12.769999999989523
41.60000000000582
11.270000000004075
65.84999999999127
12.320000000006985
30.179999999993015
11.260000000009313
64.2899999999936
12.320000000006985
29.94999999999709
11.270000000004075
65.39999999999418
12.320000000006985
30.629999999990105
11.260000000009313
64.2899999999936
12.770000000004075
57.94999999999709
11.259999999994761
16.360000000000582
34.49000000000524
99.67999999999302
64.51000000000931
79.08000000000175
12.319999999992433
32.86000000000058
11.259999999994761
64.52000000000407
12.540000000008149
362.1399999999994
11.269999999989523
64.06000000001222
12.989999999990687
36.68000000000757
11.259999999994761
17.470000000001164
35.61999999999534
18.80999999999767
67.43000000000757
16.130000000004657
29.789999999993597
89.14999999999418
65.41000000000349
32.029999999998836
50.18000000000757
34.26999999998952
31.520000000004075
11.260000000009313
16.79999999998836
31.59000000001106
63.38999999999942
61.59999999999127
13.440000000002328
96.69999999999709
11.270000000004075
16.570000000006985
31.139999999999418
53.979999999995925
67.64999999999418
12.770000000004075
56.38000000000466
11.269999999989523
63.38999999999942
49.279999999998836
11.650000000008731
30.619999999995343
11.260000000009313
62.5
12.989999999990687
30.85000000000582
11.259999999994761
60.26000000000931
13.219999999986612
31.070000000006985
11.259999999994761
96.32000000000698
12.55000000000291
37.33999999999651
11.259999999994761
92.52000000000407
12.539999999993597
538.6600000000035
11.260000000009313
62.5
12.759999999994761
42.720000000001164
11.270000000004075
79.96999999998661
12.990000000005239
37.570000000006985
11.259999999994761
64.2899999999936
12.770000000004075
583.4499999999971
11.270000000004075
73.91999999999825
12.990000000005239
218.77999999999884
11.270000000004075
63.61000000000058
12.769999999989523
29.5
11.270000000004075
62.720000000001164
12.770000000004075
32.63999999999942
11.259999999994761
64.2899999999936
12.770000000004075
31.960000000006403
11.269999999989523
63.61000000000058
43.91000000000349
11.650000000008731
30.619999999995343
11.259999999994761
70.79000000000815
12.539999999993597
82.58999999999651
11.270000000004075
63.38999999999942
13.440000000002328
33.38000000000466
23.519999999989523
20.380000000004657
75.94000000000233
24.410000000003492
18.14999999999418
49.720000000001164
34.05000000000291
31.520000000004075
11.269999999989523
84.0
12.540000000008149
311.29999999998836
11.260000000009313
64.05999999999767
13.220000000001164
168.22000000000116
50.179999999993015
18.59000000001106
23.519999999989523
58.470000000001164
19.04000000000815
61.14999999999418
31.580000000001746
55.55000000000291
63.39999999999418
12.540000000008149
42.26999999998952
11.270000000004075
62.270000000004075
12.769999999989523
35.38999999999942
50.85000000000582
18.360000000000582
24.419999999998254
67.86999999999534
31.810000000012224
16.79999999998836
30.910000000003492
16.130000000004657
31.580000000001746
50.629999999990105
34.05000000000291
31.74000000000524
11.259999999994761
77.9600000000064
12.319999999992433
524.0900000000111
11.269999999989523
67.41999999999825
12.540000000008149
35.83999999999651
51.080000000001746
18.80999999999767
62.05000000000291
31.580000000001746
58.69000000000233
63.61999999999534
11.869999999995343
29.730000000010477
11.259999999994761
16.580000000001746
62.720000000001164
20.830000000001746
52.63999999999942
34.26999999998952
31.75
11.260000000009313
87.13999999999942
49.720000000001164
12.099999999991269
29.94999999999709
11.270000000004075
64.9600000000064
12.759999999994761
247.68000000000757
11.269999999989523
62.270000000004075
50.18000000000757
12.319999999992433
30.39999999999418
11.260000000009313
62.94000000000233
12.549999999988358
99.38999999999942
11.260000000009313
67.88000000000466
16.569999999992433
78.85000000000582
23.739999999990687
34.05000000000291
31.75
11.259999999994761
62.94000000000233
13.0
37.120000000009895
11.259999999994761
62.720000000001164
13.660000000003492
45.189999999987776
11.260000000009313
64.2899999999936
12.10000000000582
29.94999999999709
11.259999999994761
64.29000000000815
12.539999999993597
44.070000000006985
11.259999999994761
69.44000000000233
12.55000000000291
71.38999999999942
11.259999999994761
64.74000000000524
13.209999999991851
254.18000000000757
11.259999999994761
16.130000000004657
30.910000000003492
59.80999999999767
62.270000000004075
12.549999999988358
34.05000000000291
23.74000000000524
19.25999999999476
61.38000000000466
24.860000000000582
62.720000000001164
31.360000000000582
18.819999999992433
82.66000000000349
16.570000000006985
31.589999999996508
50.83999999999651
34.279999999998836
31.74000000000524
11.259999999994761
63.39999999999418
12.540000000008149
33.14999999999418
52.19000000000233
18.369999999995343
23.75
33.370000000009895
31.75
11.259999999994761
64.51000000000931
12.549999999988358
1703.2300000000105
11.259999999994761
16.35000000000582
32.70999999999185
53.979999999995925
62.05000000000291
12.540000000008149
32.419999999998254
11.259999999994761
63.169999999998254
12.10000000000582
33.36999999999534
24.419999999998254
20.380000000004657
48.61000000000058
33.830000000001746
31.520000000004075
11.259999999994761
63.83999999999651
12.770000000004075
50.330000000001746
11.269999999989523
64.51000000000931
12.319999999992433
37.34000000001106
11.269999999989523
16.570000000006985
51.30000000000291
55.09999999999127
16.130000000004657
218.63000000000466
99.0
19.039999999993597
67.64999999999418
32.26000000000931
49.94999999999709
34.05000000000291
31.739999999990687
11.270000000004075
61.15000000000873
51.96999999998661
12.320000000006985
30.39999999999418
11.260000000009313
62.05000000000291
14.10999999998603
59.970000000001164
11.260000000009313
65.19000000000233
13.209999999991851
31.30000000000291
11.259999999994761
17.470000000001164
62.94999999999709
20.160000000003492
50.40000000000873
23.519999999989523
502.88000000000466
31.130000000004657
19.039999999993597
67.19999999999709
32.26000000000931
18.589999999996508
23.520000000004075
54.879999999990105
18.59000000001106
62.94999999999709
31.580000000001746
19.70999999999185
78.85000000000582
15.679999999993015
46.59000000001106
49.279999999998836
34.04999999998836
31.75
11.260000000009313
16.129999999990105
53.98000000001048
18.369999999995343
68.10000000000582
32.25
19.039999999993597
23.520000000004075
32.029999999998836
31.75
11.259999999994761
64.51000000000931
11.879999999990105
30.84000000001106
11.269999999989523
64.05999999999767
13.220000000001164
30.620000000009895
11.269999999989523
86.4600000000064
12.770000000004075
990.9099999999889
11.260000000009313
63.61999999999534
12.990000000005239
33.14999999999418
51.75
18.80999999999767
24.19999999999709
42.78000000001339
31.29999999998836
11.260000000009313
16.580000000001746
61.36999999999534
23.069999999992433
51.520000000004075
31.75
11.260000000009313
63.169999999998254
50.39999999999418
12.320000000006985
32.86000000000058
11.269999999989523
63.83999999999651
12.540000000008149
359.00999999999476
11.260000000009313
63.83999999999651
12.55000000000291
30.619999999995343
11.270000000004075
64.05999999999767
12.539999999993597
66.69000000000233
11.270000000004075
82.19999999999709
12.770000000004075
37.34999999999127
11.260000000009313
64.05999999999767
13.0
31.069999999992433
11.260000000009313
62.5
129.69000000000233
12.549999999988358
32.19000000000233
11.260000000009313
65.40999999998894
12.10000000000582
47.19999999999709
11.260000000009313
62.04999999998836
13.220000000001164
32.919999999998254
51.970000000001164
32.029999999998836
16.580000000001746
29.79000000000815
15.679999999993015
30.910000000003492
51.080000000001746
33.81999999999243
31.74000000000524
11.270000000004075
64.50999999999476
12.540000000008149
32.63999999999942
11.269999999989523
64.05999999999767
12.55000000000291
51.90000000000873
11.259999999994761
64.07000000000698
13.439999999987776
29.5
11.270000000004075
71.89999999999418
12.540000000008149
381.8600000000006
11.259999999994761
65.19000000000233
12.320000000006985
47.86999999999534
11.259999999994761
64.29000000000815
12.55000000000291
150.90999999998894
11.260000000009313
65.40999999998894
49.279999999998836
12.10000000000582
30.169999999998254
11.270000000004075
16.569999999992433
36.9600000000064
61.60000000000582
64.06999999999243
12.540000000008149
31.739999999990687
11.270000000004075
63.38999999999942
12.539999999993597
30.630000000004657
11.259999999994761
64.29000000000815
12.539999999993597
37.120000000009895
11.269999999989523
61.370000000009895
12.319999999992433
33.60000000000582
51.520000000004075
18.369999999995343
61.14999999999418
31.589999999996508
18.14000000001397
81.08999999999651
16.80000000000291
31.139999999999418
51.2899999999936
23.970000000001164
161.5
31.360000000000582
19.039999999993597
80.41999999999825
30.460000000006403
16.360000000000582
32.919999999998254
19.270000000004075
23.739999999990687
32.7100000000064
31.960000000006403
11.269999999989523
64.05999999999767
158.82000000000698
63.83999999999651
16.80000000000291
45.020000000004075
20.160000000003492
67.64999999999418
32.029999999998836
49.729999999995925
25.09000000001106
19.25999999999476
110.88000000000466
34.26999999998952
31.75
11.260000000009313
61.830000000001746
31.579999999987194
29.730000000010477
11.259999999994761
64.2899999999936
50.18000000000757
12.089999999996508
29.729999999995925
11.260000000009313
60.929999999993015
52.19000000000233
12.770000000004075
39.80999999999767
11.259999999994761
17.25
40.10000000000582
56.220000000001164
63.61999999999534
12.320000000006985
31.289999999993597
11.270000000004075
74.58999999999651
12.990000000005239
29.50999999999476
11.260000000009313
62.26999999998952
12.770000000004075
31.30000000000291
11.259999999994761
33.820000000006985
51.080000000001746
18.80999999999767
23.519999999989523
54.66000000000349
31.74000000000524
11.270000000004075
12.319999999992433
69.88000000000466
76.38999999999942
16.34999999999127
32.93000000000757
151.1999999999971
64.05999999999767
13.220000000001164
32.41000000000349
11.490000000005239
33.829999999987194
51.070000000006985
32.029999999998836
16.580000000001746
30.910000000003492
16.79999999998836
30.910000000003492
50.18000000000757
23.95999999999185
19.94000000000233
356.83000000000175
23.75
64.9600000000064
31.79999999998836
17.70000000001164
66.97999999999593
32.25
51.06999999999243
33.830000000001746
31.74000000000524
11.270000000004075
12.989999999990687
110.65000000000873
12.099999999991269
54.58999999999651
11.270000000004075
33.820000000006985
51.51999999998952
18.370000000009895
23.970000000001164
32.25
31.75
11.259999999994761
33.820000000006985
51.29999999998836
18.820000000006985
60.919999999998254
31.360000000000582
43.24000000000524
68.31999999999243
32.25
51.070000000006985
34.04999999998836
13.220000000001164
64.73000000001048
16.79999999998836
61.60000000000582
56.89999999999418
15.900000000008731
76.83999999999651
20.380000000004657
50.179999999993015
34.04000000000815
31.970000000001164
11.489999999990687
33.820000000006985
51.080000000001746
32.029999999998836
15.89999999999418
40.320000000006985
16.579999999987194
32.48000000001048
51.06999999999243
34.05000000000291
31.74000000000524
11.269999999989523
33.820000000006985
24.419999999998254
19.710000000006403
49.94999999999709
33.81999999999243
31.75
11.260000000009313
33.830000000001746
23.95999999999185
18.820000000006985
50.84999999999127
33.820000000006985
31.970000000001164
11.259999999994761
33.830000000001746
50.85000000000582
18.80999999999767
23.519999999989523
32.48000000001048
31.30000000000291
11.259999999994761
33.830000000001746
24.410000000003492
19.039999999993597
49.50999999999476
34.04000000000815
31.519999999989523
11.490000000005239
33.830000000001746
24.19000000000233
19.489999999990687
184.1200000000099
34.279999999998836
31.74000000000524
11.259999999994761
13.440000000002328
62.5
12.539999999993597
31.30000000000291
11.490000000005239
33.81999999999243
24.19000000000233
20.389999999999418
180.77000000000407
17.470000000001164
62.720000000001164
16.34999999999127
31.360000000000582
51.30000000000291
33.820000000006985
31.970000000001164
11.25999999998021
33.8300000000163
52.639999999984866
18.80999999999767
23.75
54.20000000001164
32.04000000000815
16.35000000000582
29.789999999979045
16.130000000004657
30.239999999990687
50.170000000012806
34.279999999998836
31.739999999990687
11.49000000001979
33.81999999997788
51.52000000001863
18.369999999995343
24.19000000000233
32.929999999993015
31.739999999990687
11.270000000018626
12.989999999990687
90.72000000000116
29.95000000001164
11.269999999989523
33.820000000006985
52.4199999999837
18.589999999996508
23.29000000000815
32.929999999993015
31.75
11.260000000009313
33.820000000006985
50.85000000000582
32.029999999998836
16.579999999987194
29.79000000000815
16.130000000004657
30.45999999999185
50.85000000000582
34.04999999998836
31.739999999990687
11.49000000001979
12.989999999990687
83.77999999999884
11.420000000012806
36.44999999998254
11.49000000001979
33.81999999997788
50.85000000000582
18.589999999996508
24.20000000001164
34.720000000001164
31.739999999990687
11.260000000009313
13.440000000002328
51.970000000001164
11.64999999999418
30.85000000000582
11.489999999990687
33.820000000006985
51.070000000006985
18.589999999996508
60.25999999998021
16.580000000016298
288.95999999999185
12.760000000009313
34.720000000001164
51.29999999998836
19.260000000009313
24.419999999983702
33.15000000002328
31.75
11.25999999998021
12.540000000008149
55.55999999999767
11.869999999995343
30.85000000000582
11.260000000009313
12.319999999977881
55.78000000002794
12.319999999977881
31.29000000000815
11.489999999990687
12.770000000018626
101.01999999998952
11.869999999995343
30.179999999993015
11.260000000009313
13.0
894.429999999993
11.650000000023283
30.169999999983702
11.489999999990687
13.220000000001164
98.11000000001513
12.089999999996508
193.48000000001048
11.25999999998021
13.220000000001164
102.58999999999651
178.30000000001746
52.86999999999534
19.04000000000815
67.19999999998254
32.25
19.270000000018626
23.519999999989523
32.70000000001164
31.739999999990687
11.489999999990687
33.8300000000163
50.1699999999837
18.369999999995343
23.74000000001979
32.929999999993015
31.970000000001164
11.489999999990687
33.820000000006985
49.95000000001164
18.14999999999418
60.929999999993015
31.130000000004657
57.11999999999534
73.47000000000116
12.769999999989523
41.60000000000582
11.270000000018626
33.81999999997788
49.95000000001164
32.029999999998836
16.35999999998603
29.34000000002561
16.579999999987194
31.79999999998836
50.40000000002328
33.829999999987194
31.739999999990687
11.49000000001979
33.81999999997788
49.960000000020955
19.039999999979045
23.29000000000815
52.19000000000233
18.820000000006985
24.19000000000233
32.929999999993015
13.889999999984866
110.43000000002212
11.869999999995343
30.179999999993015
11.260000000009313
33.829999999987194
51.52000000001863
19.039999999979045
23.960000000020955
32.25999999998021
31.74000000001979
11.269999999989523
33.820000000006985
52.4199999999837
19.260000000009313
23.519999999989523
32.48000000001048
12.549999999988358
48.60000000000582
11.880000000004657
29.95000000001164
11.489999999990687
33.820000000006985
51.970000000001164
18.80999999999767
23.75
34.04999999998836
31.95999999999185
11.49000000001979
33.829999999987194
23.95999999999185
18.820000000006985
88.02999999999884
23.970000000001164
45.02000000001863
72.79999999998836
33.829999999987194
31.29000000000815
11.269999999989523
34.05000000001746
50.61999999999534
18.820000000006985
62.94000000000233
31.35999999998603
79.97000000000116
62.720000000001164
14.779999999998836
33.98999999999069
11.480000000010477
33.8300000000163
24.189999999973224
19.260000000009313
79.30000000001746
34.26999999998952
31.519999999989523
11.270000000018626
33.81999999997788
51.52000000001863
18.369999999995343
23.739999999990687
43.01000000000931
31.519999999989523
11.260000000009313
33.829999999987194
51.52000000001863
18.589999999996508
23.739999999990687
33.16000000000349
31.739999999990687
11.260000000009313
33.8300000000163
51.51999999998952
18.589999999996508
23.519999999989523
32.48000000001048
31.970000000001164
11.489999999990687
33.820000000006985
50.85000000000582
18.369999999995343
62.26999999998952
31.130000000004657
55.779999999998836
63.61999999999534
60.48000000001048
11.869999999995343
29.730000000010477
11.479999999981374
33.8300000000163
48.829999999987194
18.820000000006985
23.29000000000815
35.1699999999837
31.74000000001979
11.269999999989523
33.820000000006985
51.970000000001164
18.369999999995343
24.410000000003492
218.39999999999418
31.519999999989523
11.270000000018626
33.820000000006985
51.51999999998952
19.04000000000815
23.970000000001164
32.25999999998021
31.960000000020955
11.489999999990687
33.829999999987194
50.83999999999651
18.370000000024447
24.189999999973224
32.48000000001048
12.769999999989523
71.68000000002212
31.06999999997788
11.49000000001979
33.829999999987194
51.960000000020955
18.369999999995343
62.94999999998254
31.360000000015134
57.11999999999534
67.86999999999534
13.660000000003492
129.63000000000466
11.269999999989523
33.820000000006985
51.070000000006985
18.599999999976717
24.410000000003492
51.30000000001746
19.489999999990687
23.739999999990687
32.70000000001164
31.29999999998836
11.260000000009313
13.0
49.279999999998836
61.60000000000582
16.79999999998836
71.23000000001048
118.72000000000116
62.720000000001164
12.540000000008149
30.849999999976717
11.260000000009313
33.8300000000163
50.61999999999534
18.369999999995343
63.389999999984866
31.360000000015134
55.54999999998836
16.800000000017462
34.04999999998836
88.26000000000931
62.48999999999069
12.769999999989523
31.520000000018626
11.489999999990687
33.820000000006985
51.51999999998952
19.04000000000815
23.519999999989523
31.80999999999767
12.320000000006985
48.610000000015134
12.319999999977881
150.9100000000035
11.49000000001979
33.81999999997788
52.420000000012806
18.820000000006985
60.69999999998254
31.580000000016298
68.54999999998836
61.820000000006985
12.989999999990687
62.66000000000349
11.260000000009313
33.829999999987194
23.520000000018626
20.60999999998603
34.720000000001164
16.35000000000582
27.10000000000582
82.87999999997555
65.19000000000233
32.25
50.63000000000466
34.04000000000815
31.519999999989523
11.270000000018626
12.539999999979045
96.55000000001746
12.75999999998021
35.110000000015134
11.260000000009313
12.989999999990687
99.01000000000931
11.869999999995343
29.95999999999185
11.260000000009313
12.989999999990687
108.64000000001397
12.319999999977881
34.05000000001746
49.72999999998137
32.029999999998836
16.130000000004657
28.670000000012806
16.130000000004657
31.129999999975553
51.0800000000163
34.26999999998952
31.74000000001979
11.489999999990687
12.320000000006985
62.720000000001164
15.89999999999418
31.139999999984866
55.779999999998836
64.05999999999767
12.540000000008149
31.520000000018626
11.269999999989523
12.989999999990687
60.929999999993015
16.35000000000582
37.63000000000466
72.5800000000163
16.129999999975553
37.18000000002212
67.86999999999534
63.61999999999534
12.089999999996508
34.5
51.970000000001164
18.369999999995343
24.19000000000233
33.60000000000582
31.739999999990687
11.270000000018626
12.989999999990687
416.63999999998487
30.620000000024447
11.269999999989523
12.540000000008149
51.51999999998952
11.64999999999418
241.17999999999302
11.270000000018626
33.820000000006985
50.84999999997672
18.370000000024447
23.95999999999185
33.16000000000349
31.519999999989523
11.260000000009313
12.989999999990687
87.36000000001513
10.75
33.59999999997672
50.40000000002328
18.81999999997788
61.14999999999418
31.59000000002561
56.44000000000233
62.71999999997206
12.550000000017462
41.14999999999418
11.489999999990687
12.540000000008149
52.19000000000233
12.320000000006985
52.13000000000466
11.269999999989523
12.989999999990687
47.49000000001979
11.869999999995343
30.39999999999418
11.489999999990687
12.540000000008149
61.820000000006985
16.79999999998836
62.05000000001746
23.29999999998836
31.579999999987194
31.75
11.260000000009313
33.820000000006985
52.19999999998254
32.03000000002794
16.129999999975553
40.76000000000931
16.79999999998836
74.15000000002328
78.84999999997672
16.35000000000582
66.75
77.73000000001048
16.79999999998836
37.41000000000349
50.39999999999418
34.04000000000815
31.519999999989523
11.270000000018626
12.320000000006985
15.229999999981374
30.619999999995343
11.270000000018626
12.539999999979045
71.01000000000931
12.10000000000582
31.070000000006985
11.25999999998021
13.670000000012806
48.829999999987194
11.420000000012806
31.29999999998836
11.49000000001979
12.319999999977881
84.0
17.24000000001979
33.16000000000349
54.87999999997555
63.610000000015134
13.440000000002328
30.85000000000582
11.25999999998021
13.440000000002328
60.48000000001048
12.320000000006985
30.39999999999418
11.489999999990687
12.550000000017462
112.22000000000116
62.71999999997206
16.35000000000582
33.14999999999418
18.150000000023283
81.30999999999767
16.579999999987194
33.14999999999418
49.95000000001164
34.26999999998952
31.75
11.480000000010477
12.549999999988358
52.41000000000349
12.320000000006985
31.29999999998836
11.49000000001979
12.320000000006985
46.80999999999767
65.63999999998487
16.119999999995343
43.24000000001979
82.42999999999302
61.60000000000582
53.97999999998137
11.430000000022119
30.39999999999418
11.25999999998021
13.440000000002328
47.04000000000815
11.64999999999418
31.070000000006985
11.489999999990687
12.320000000006985
47.70999999999185
11.650000000023283
30.849999999976717
11.260000000009313
12.320000000006985
71.45999999999185
11.420000000012806
86.23999999999069
49.95000000001164
19.039999999979045
23.970000000001164
55.3300000000163
18.369999999995343
23.739999999990687
34.720000000001164
31.739999999990687
11.270000000018626
13.440000000002328
65.17999999999302
12.10000000000582
30.619999999995343
11.269999999989523
12.760000000009313
54.44000000000233
12.760000000009313
31.970000000001164
11.269999999989523
12.540000000008149
150.75
12.099999999976717
30.85000000000582
11.480000000010477
33.829999999987194
51.970000000001164
18.360000000015134
23.970000000001164
32.929999999993015
31.739999999990687
11.270000000018626
12.989999999990687
176.95999999999185
11.64999999999418
29.5
11.49000000001979
12.769999999989523
153.89000000001397
11.639999999984866
30.630000000004657
11.489999999990687
12.760000000009313
116.70999999999185
12.089999999996508
53.920000000012806
11.269999999989523
13.440000000002328
63.610000000015134
16.79999999998836
56.0
102.60000000000582
62.720000000001164
12.760000000009313
47.87999999997555
11.260000000009313
12.989999999990687
95.43000000002212
11.639999999984866
39.360000000015134
11.269999999989523
12.989999999990687
145.14999999999418
11.870000000024447
32.86999999999534
11.25999999998021
12.99000000001979
85.11999999999534
12.320000000006985
31.079999999987194
11.260000000009313
33.820000000006985
51.75
18.369999999995343
24.19000000000233
40.08999999999651
31.75
11.489999999990687
33.820000000006985
23.739999999990687
60.929999999993015
31.59000000002561
56.889999999984866
17.470000000001164
80.4200000000128
23.06999999997788
32.029999999998836
31.75
11.260000000009313
12.549999999988358
73.69000000000233
12.320000000006985
56.39000000001397
11.25999999998021
12.320000000006985
61.38000000000466
54.20000000001164
19.039999999979045
67.64999999999418
32.26000000000931
50.61999999999534
34.27000000001863
31.75
11.25999999998021
12.99000000001979
52.86999999999534
62.48999999999069
15.910000000003492
47.04000000000815
53.08999999999651
63.389999999984866
50.85000000000582
12.540000000008149
29.95000000001164
11.269999999989523
13.440000000002328
93.85000000000582
38.90999999997439
11.49000000001979
12.10000000000582
99.44999999998254
62.95000000001164
16.35000000000582
54.20999999999185
17.25
67.4199999999837
17.020000000018626
28.679999999993015
18.14000000001397
40.31999999997788
49.95000000001164
33.829999999987194
31.74000000001979
11.489999999990687
12.989999999990687
67.65000000002328
11.869999999995343
31.739999999990687
11.269999999989523
13.440000000002328
286.9400000000023
12.770000000018626
31.06999999997788
11.270000000018626
12.539999999979045
86.24000000001979
11.199999999982538
31.300000000017462
11.25999999998021
12.540000000008149
60.04000000000815
12.089999999996508
30.39999999999418
11.270000000018626
12.989999999990687
60.029999999998836
11.869999999995343
31.29999999998836
11.260000000009313
12.989999999990687
173.38000000000466
62.5
16.800000000017462
42.329999999987194
56.89999999999418
62.720000000001164
12.540000000008149
67.80999999999767
11.489999999990687
12.99000000001979
73.01999999998952
16.360000000015134
32.029999999998836
93.62999999997555
62.5
13.210000000020955
50.10999999998603
11.270000000018626
12.989999999990687
158.13999999998487
67.65000000002328
54.20999999999185
18.820000000006985
68.08999999999651
32.25999999998021
50.170000000012806
34.279999999998836
31.519999999989523
11.260000000009313
12.540000000008149
78.39999999999418
11.200000000011642
51.679999999993015
11.269999999989523
12.770000000018626
259.38999999998487
11.869999999995343
32.19000000000233
11.489999999990687
12.770000000018626
48.829999999987194
62.720000000001164
55.10000000000582
18.820000000006985
67.19999999998254
31.80999999999767
51.52000000001863
34.04999999998836
31.74000000001979
11.25999999998021
13.0
48.38000000000466
12.320000000006985
31.739999999990687
11.270000000018626
12.989999999990687
140.44999999998254
12.090000000025611
29.95999999999185
11.260000000009313
33.81999999997788
50.63000000000466
18.589999999996508
24.19000000000233
36.070000000006985
31.739999999990687
11.49000000001979
12.539999999979045
73.02999999999884
54.43000000002212
19.25999999998021
67.20000000001164
31.80999999999767
18.589999999996508
23.75
34.04000000000815
31.970000000001164
11.489999999990687
12.540000000008149
59.58999999999651
11.419999999983702
29.95000000001164
11.269999999989523
13.440000000002328
191.7400000000198
60.47999999998137
16.800000000017462
35.1699999999837
58.91000000000349
63.170000000012806
12.769999999989523
37.79000000000815
11.489999999990687
12.540000000008149
81.08999999999651
11.869999999995343
29.279999999998836
11.489999999990687
12.99000000001979
78.85000000000582
11.869999999995343
31.970000000001164
11.25999999998021
13.0
82.20000000001164
12.10000000000582
30.85000000000582
11.25999999998021
33.8300000000163
53.30999999999767
19.039999999979045
24.19000000000233
34.05000000001746
12.989999999990687
128.35000000000582
12.320000000006985
30.39999999999418
11.489999999990687
12.540000000008149
71.67999999999302
12.320000000006985
35.39999999999418
51.51999999998952
19.480000000010477
60.70999999999185
31.360000000015134
54.20999999999185
16.570000000006985
32.48000000001048
67.86999999999534
17.25
35.83999999999651
80.4199999999837
65.41000000000349
117.82000000000698
16.35000000000582
30.910000000003492
61.60000000000582
64.95999999999185
168.44999999998254
62.05000000001746
17.699999999982538
23.960000000020955
75.94000000000233
12.319999999977881
404.2600000000093
11.480000000010477
12.769999999989523
73.02999999999884
12.320000000006985
33.60000000000582
50.61999999999534
19.25999999998021
24.20000000001164
33.36999999999534
31.75
11.480000000010477
13.0
110.64999999999418
12.769999999989523
32.19000000000233
11.49000000001979
12.989999999990687
48.39000000001397
12.319999999977881
29.279999999998836
11.480000000010477
12.549999999988358
116.70000000001164
11.869999999995343
30.85000000000582
11.269999999989523
13.440000000002328
79.74000000001979
12.099999999976717
30.839999999996508
11.270000000018626
12.989999999990687
95.4200000000128
12.099999999976717
30.85000000000582
11.260000000009313
12.769999999989523
126.33999999999651
11.420000000012806
29.95000000001164
