-56.68879999999996
77.03190000000001
77.0625
82.2569
62.5653
63.0625
82.0389
62.3153
82.10130000000001
82.13329999999999
82.22630000000001
81.9778
82.0403
62.876400000000004
39.325
82.1639
63.2181
76.65690000000001
82.2264
51.9862
82.0098
82.0403
33.59989999999999
47.6305
81.9777
50.587500000000006
82.1652
82.2264
82.00970000000001
82.1027
82.13329999999999
21.46650000000001
82.19579999999999
41.5652
35.9958
63.0306
62.47090000000001
62.688900000000004
82.3194
82.0403
82.35130000000001
46.5416
82.1653
82.1334
81.9778
82.13329999999999
82.0403
82.1639
62.3778
82.32079999999999
82.2889
-9.894499999999994
50.6486
82.4125
82.28880000000001
82.13329999999999
41.315200000000004
82.2264
82.3194
82.35
62.688900000000004
82.13329999999999
82.35
82.13329999999999
76.7514
82.4125
82.2264
82.3819
82.19579999999999
51.8
82.4139
82.1014
82.13329999999999
82.1028
82.41380000000001
86.6445
91.7153
-25.075000000000003
91.5917
-14.030599999999993
91.6528
17.70150000000001
91.6542
91.7153
63.187599999999996
91.62219999999999
91.62219999999999
86.5195
91.7167
79.4264
46.48050000000001
7.434699999999992
91.7778
86.2723
71.8348
91.7153
91.6528
86.0542
72.3029
86.4889
91.7473
86.7695
-20.906800000000004
-42.2166
86.4889
56.7153
86.6139
71.6487
86.707
72.2709
91.62219999999999
91.7153
52.26649999999999
62.9375
86.5195
86.55
72.3015
74.6668
56.03060000000001
17.173699999999997
72.1778
23.52080000000001
86.4264
55.4708
55.78190000000001
86.6125
86.5195
91.6528
23.95559999999999
86.42779999999999
91.7458
86.4584
86.6445
34.688900000000004
86.3945
86.3959
52.172200000000004
86.3639
32.44850000000001
86.582
86.5195
91.6542
86.3639
86.30279999999999
74.6361
71.9597
86.42779999999999
64.8041
72.4265
86.5514
80.8889
80.6708
80.7334
73.3903
80.7653
80.7653
80.6083
80.8889
-5.412599999999998
69.2221
80.8264
73.7958
80.9195
14.84020000000001
48.0972
81.1375
80.7334
80.5778
81.1375
80.9834
57.8667
80.8889
81.325
69.3778
81.0445
68.9736
37.4264
69.2846
81.3555
66.6097
80.9194
80.7958
72.86240000000001
80.6403
80.95
81.1681
73.6722
12.227699999999999
74.0444
81.107
81.1069
81.0139
81.0445
80.8278
62.50280000000001
81.232
80.7028
80.8889
81.2
80.9209
80.9819
80.0181
81.0444
80.7959
69.1292
73.9819
81.0139
81.075
74.2625
81.0445
81.0139
69.4708
32.23060000000001
80.8584
81.0139
69.6888
80.7944
69.5638
81.0444
69.4097
74.2624
38.4528
80.7028
80.9209
80.9209
65.8306
65.6445
65.521
45.42230000000001
38.018
35.55970000000001
60.2625
50.400099999999995
65.3653
38.4847
50.4627
83.1902
51.177800000000005
76.5333
71.7111
59.547200000000004
83.5959
81.5735
79.0834
69.1904
83.2848
29.461100000000002
65.5515
84.0305
83.4083
83.1598
47.289
83.2832
83.0667
83.44030000000001
79.2098
15.120899999999992
44.2709
83.03620000000001
86.8625
79.489
79.1778
89.7251
66.2041
53.169399999999996
12.133400000000009
65.707
58.270900000000005
65.45830000000001
84.0
58.177800000000005
57.7111
59.2042
64.2139
84.3111
49.436099999999996
72.1168
84.4041
57.2444
58.6444
84.15559999999999
80.6708
84.093
84.3111
84.2791
84.1555
72.64439999999999
72.7695
47.8805
84.25
84.093
84.2501
84.0
59.547200000000004
84.1874
84.15559999999999
82.91120000000001
58.52080000000001
69.5334
59.36110000000001
